plant_id	face	date	type	mean01	mean02	mean03	mean04	mean05	mean06	mean07	mean08	mean09	mean10	sd01	sd02	sd03	sd04	sd05	sd06	sd07	sd08	sd09	sd10	n01	n02	n03	n04	n05	n06	n07	n08	n09	n10
ZM009-01	A	19/03/2021	lat:tot	0.286389444	0.302506985	0.407018877	0.454969933	0.447547272	0.494412378	0.454734909	0.429510847	0.251003036	0.604238409	0.092738763	0.160845294	0.05334841	0.036610573	0.072381679	0.054711407	0.058202895	0.104474254	0.139721069	0.014936578	6	3	3	4	4	3	3	2	3	2
ZM009-01	A	26/03/2021	lat:tot	0.301946009	0.298755841	0.297261355	0.335748816	0.401233883	0.415125577	0.402685738	0.497474539	0.329375992	0.721791551	0.091170166	0.084456876	0.103073247	0.081460529	0.078313717	0.051317481	0.162423873	0.175541274	0.161927	0.079914863	6	6	6	6	6	5	5	4	6	6
ZM009-01	A	02/04/2021	lat:tot	0.280248886	0.323714254	0.309657588	0.312150693	0.306593786	0.377464106	0.31562124	0.224938259	0.238900738	0.497683815	0.051197787	0.021877667	0.045278673	0.059322423	0.078146574	0.120204125	0.14588932	0.125198523	0.121960695	0.167453499	6	6	6	6	6	6	6	6	6	6
ZM009-01	A	09/04/2021	lat:tot	0.266169702	0.345486556	0.383154374	0.388669854	0.399753829	0.476310988	0.428861384	0.41415512	0.368349905	0.419277011	0.029236068	0.099984126	0.088913394	0.088726288	0.076347146	0.078476231	0.120050825	0.111034239	0.109758923	0.145293278	6	6	6	6	6	6	6	6	5	6
ZM009-01	A	16/04/2021	lat:tot	0.273032784	0.285421653	0.291603649	0.334872074	0.362219867	0.41256009	0.369883196	0.309951087	0.249802823	0.293916259	0.036829781	0.073336103	0.029421931	0.04070412	0.064261	0.040514438	0.05941715	0.04793996	0.072065758	0.062483192	6	6	6	6	6	6	6	6	6	6
ZM009-01	A	26/04/2021	lat:tot	0.275630861	0.306168752	0.298568069	0.355230995	0.356600978	0.420156468	0.405041973	0.350586563	0.291875685	0.284109664	0.050630342	0.080402848	0.047833566	0.043056985	0.063458521	0.070628372	0.051082237	0.055211385	0.064749334	0.043203023	6	6	6	6	6	6	6	6	6	6
ZM009-01	B	19/03/2021	lat:tot	0.271264502	0.290622429	0.347093946	0.322907958	NA	NA	NA	NA	0.198396811	NA	0.157519604	0.080713916	0.070781444	NA	NA	NA	NA	NA	NA	NA	4	3	5	1	0	0	0	0	1	0
ZM009-01	B	26/03/2021	lat:tot	0.230167026	0.316662674	0.315858271	0.360844336	0.360199139	0.31910305	0.430282781	0.281255262	0.269046729	0.751325716	0.086910228	0.128311559	0.101844669	0.106486238	0.130410375	0.126398793	0.182366647	0.227898155	0.130661497	0.078051055	5	6	6	6	6	6	5	4	6	6
ZM009-01	B	02/04/2021	lat:tot	0.351770152	0.297824706	0.315933206	0.314842138	0.382163903	0.330752495	0.33879112	0.30502834	0.316870118	0.490025188	0.067042686	0.072884426	0.045665524	0.068465951	0.092633075	0.064782343	0.093127816	0.150007302	0.132903533	0.074535952	6	6	6	6	6	6	6	6	6	6
ZM009-01	B	09/04/2021	lat:tot	0.443813102	0.362422095	0.376616472	0.376202589	0.425927893	0.371641141	0.395717926	0.449714564	0.434989883	0.420180243	0.065280554	0.103552049	0.085409325	0.080551383	0.082583036	0.060486114	0.11574026	0.141581149	0.141219777	0.127165496	6	6	6	6	6	6	6	6	6	5
ZM009-01	B	16/04/2021	lat:tot	0.45902752	0.300763354	0.275576318	0.316107446	0.401467448	0.321891857	0.308388315	0.294602251	0.277066461	0.296031852	0.057211503	0.051492797	0.061780573	0.055187999	0.067021301	0.050769011	0.068931857	0.04662296	0.054789629	0.043270234	6	6	6	6	6	6	6	6	6	6
ZM009-01	B	26/04/2021	lat:tot	0.534279093	0.343265282	0.284752773	0.312038476	0.415622676	0.357019321	0.363125002	0.327133156	0.304829303	0.284844038	0.056370358	0.049979408	0.05734369	0.074526384	0.049429326	0.024584253	0.085649897	0.039287686	0.065293954	0.033140128	6	6	6	6	6	6	6	6	6	6
ZM009-01	C	19/03/2021	lat:tot	0.395335783	0.125646041	0.446137013	0.477577973	0.38799237	0.453182737	0.426167346	NA	0.156861048	NA	0.135300457	NA	NA	NA	0.106125483	NA	NA	NA	0.047340624	NA	2	1	1	1	2	1	1	0	3	0
ZM009-01	C	26/03/2021	lat:tot	0.391673213	0.212633111	0.263415386	0.38306179	0.36236833	0.425884995	0.481057679	0.391858878	0.254683764	0.787556336	0.147370293	0.135018002	0.140428065	0.132903496	0.177558854	0.09391417	0.108962628	0.187985069	0.127735862	0.054935551	4	5	6	6	6	6	5	5	5	6
ZM009-01	C	02/04/2021	lat:tot	0.385120466	0.241766547	0.282906754	0.311048419	0.295709683	0.323053243	0.292451823	0.219942324	0.189926642	0.539696951	0.128609967	0.070101117	0.101811092	0.041909457	0.087515387	0.077883966	0.073832599	0.09669962	0.088493728	0.215235873	6	6	6	6	6	6	6	6	6	6
ZM009-01	C	09/04/2021	lat:tot	0.485245061	0.33474347	0.335037723	0.397994351	0.404361409	0.382994515	0.406334423	0.401926407	0.350773945	0.453612643	0.041499158	0.137003278	0.102689433	0.111384252	0.087603685	0.095746975	0.128941839	0.161574354	0.137480806	0.187825026	6	6	6	6	6	6	6	6	5	6
ZM009-01	C	16/04/2021	lat:tot	0.458773959	0.262698239	0.278598316	0.299934843	0.306144589	0.310672417	0.305187391	0.272998075	0.276889275	0.288421205	0.046832445	0.100484093	0.086161365	0.028846961	0.033616695	0.048450695	0.047675503	0.047951683	0.049010601	0.071365281	6	6	6	6	6	6	6	6	6	6
ZM009-01	C	26/04/2021	lat:tot	0.534370999	0.333282141	0.298753493	0.298893343	0.304980435	0.332933805	0.334489463	0.294483862	0.279699893	0.287360747	0.078097928	0.087725098	0.075229577	0.065651733	0.051907608	0.038357183	0.060178309	0.053866586	0.053425811	0.042050513	6	6	6	6	6	6	6	6	6	6
ZM009-01	D	19/03/2021	lat:tot	0.342389412	0.273162823	0.337679637	0.409006027	0.408462191	0.452192109	0.442049321	NA	0.153824738	0.381895983	0.129038363	0.099654733	0.09231954	0.045935712	0.170724595	0.130117269	NA	NA	0.077608718	NA	3	4	5	3	2	2	1	0	4	1
ZM009-01	D	26/03/2021	lat:tot	0.383988192	0.246724861	0.31786491	0.37378702	0.435670853	0.424375192	0.374573378	0.403566614	0.235497744	0.729514257	0.102198362	0.105602735	0.098742952	0.099622929	0.12385633	0.148132559	0.160933366	0.184321838	0.063310187	0.079092998	6	6	6	6	6	6	6	5	6	6
ZM009-01	D	02/04/2021	lat:tot	0.375918251	0.270207214	0.282880486	0.333079088	0.317336605	0.292911153	0.33491334	0.322149666	0.302546116	0.473759159	0.104873449	0.070997905	0.065060079	0.053936998	0.092066192	0.082118572	0.102743805	0.083007412	0.119241916	0.115601712	6	6	6	6	6	6	6	6	6	6
ZM009-01	D	09/04/2021	lat:tot	0.450866812	0.343680716	0.341686654	0.406377044	0.419448587	0.421163483	0.424331588	0.436122867	0.435816999	0.489311063	0.09324953	0.118655566	0.077328401	0.064414968	0.063375576	0.068244278	0.075040222	0.111210184	0.140535551	0.178855716	6	6	6	6	6	6	6	6	6	6
ZM009-01	D	16/04/2021	lat:tot	0.425613056	0.241044642	0.252377078	0.329272366	0.34233236	0.322594817	0.34548062	0.313422584	0.291097186	0.285609691	0.068924214	0.037587549	0.044493336	0.058998913	0.050818717	0.042754214	0.04328657	0.054413294	0.055449887	0.077808623	6	6	6	6	6	6	6	6	6	6
ZM009-01	D	26/04/2021	lat:tot	0.48258682	0.26166391	0.250546739	0.333126879	0.346080581	0.333378408	0.365977521	0.345770809	0.3047584	0.295269219	0.040853212	0.047503592	0.045325271	0.074802368	0.035080388	0.064649496	0.053609876	0.075123243	0.046270302	0.04578681	6	6	6	6	6	6	6	6	6	6
ZM009-02	A	19/03/2021	lat:tot	0.281899813	0.310168806	0.39168642	0.371226939	0.407391152	0.446595026	0.488528517	0.461801547	0.314854271	0.486248555	0.088942603	0.100029034	0.138804569	0.097723727	0.088147049	0.013727479	NA	NA	0.330246233	0.083901798	6	6	3	3	3	2	1	1	2	2
ZM009-02	A	26/03/2021	lat:tot	0.320318452	0.295417145	0.308595723	0.418709268	0.472431143	0.422267407	0.46150261	0.601959761	0.317316701	0.786037911	0.047919372	0.101195815	0.078489711	0.078984642	0.027651907	0.108208783	0.065191375	0.065770947	0.181822525	0.103071102	6	6	6	6	6	6	6	6	6	6
ZM009-02	A	02/04/2021	lat:tot	0.209721183	0.226962694	0.269002826	0.295786173	0.317575597	0.326575353	0.29233532	0.308994907	0.235269326	0.450171924	0.017110071	0.072535835	0.090416252	0.070985716	0.089908219	0.112900883	0.082890503	0.079043242	0.099082961	0.120893773	6	6	6	6	6	6	6	6	5	5
ZM009-02	A	09/04/2021	lat:tot	0.234203669	0.256535778	0.292390405	0.359986796	0.364145283	0.397867869	0.394570198	0.345661968	0.314913698	0.337766085	0.047035783	0.093082067	0.078180695	0.080063554	0.081807484	0.102361362	0.097098347	0.132211833	0.13819266	0.110554972	6	6	6	6	6	6	6	6	6	6
ZM009-02	A	16/04/2021	lat:tot	0.209730131	0.231175677	0.255264988	0.328970287	0.331917191	0.345487819	0.342999188	0.31404142	0.296632347	0.286575199	0.015951353	0.058164271	0.073841647	0.032868757	0.039248987	0.038973414	0.055444322	0.063520899	0.065406617	0.050667447	6	6	6	6	6	6	6	6	6	6
ZM009-02	A	26/04/2021	lat:tot	0.223415683	0.234444466	0.275318828	0.340167038	0.337857005	0.329252428	0.332610117	0.307870352	0.295884674	0.29040755	0.031787485	0.05220881	0.069497462	0.026312589	0.034563928	0.03354801	0.030026695	0.059068176	0.046144953	0.035927284	6	6	6	6	6	6	6	6	6	6
ZM009-02	B	19/03/2021	lat:tot	0.386219127	0.285962269	0.351792265	0.189399515	NA	NA	NA	NA	0.250756068	NA	0.140221731	0.10038611	0.055197376	NA	NA	NA	NA	NA	NA	NA	3	4	4	1	0	0	0	0	1	0
ZM009-02	B	26/03/2021	lat:tot	0.34759771	0.355865457	0.399122112	0.460500868	0.471696679	0.377435396	0.449797889	0.465278117	0.190244374	0.826222416	0.080453862	0.099889055	0.048269082	0.075726306	0.081568419	0.107325488	0.16013879	0.278129071	0.054722019	0.061905609	6	6	6	6	6	4	6	3	6	6
ZM009-02	B	02/04/2021	lat:tot	0.295424738	0.218336708	0.28155446	0.291294619	0.318706298	0.315866312	0.292739206	0.365527414	0.26985229	0.451824406	0.058664521	0.055408224	0.043568307	0.089739515	0.10387373	0.150937999	0.124542099	0.135470984	0.112612998	0.129869401	6	6	6	6	6	6	6	6	6	6
ZM009-02	B	09/04/2021	lat:tot	0.358752472	0.255955185	0.295856473	0.325179882	0.359161377	0.381794587	0.374595492	0.402902904	0.370064525	0.432079178	0.065269011	0.064067275	0.088671987	0.084973553	0.104918342	0.092153261	0.095453377	0.080524347	0.070932916	0.106458542	6	6	6	6	6	6	6	6	6	6
ZM009-02	B	16/04/2021	lat:tot	0.319935692	0.234051368	0.269447145	0.298352594	0.318164313	0.324967323	0.319591598	0.317924285	0.287179442	0.317942663	0.047711732	0.055190247	0.034325884	0.025933749	0.048538803	0.05451368	0.062706384	0.062007455	0.058573288	0.067946573	6	6	6	6	6	6	6	6	6	6
ZM009-02	B	26/04/2021	lat:tot	0.381502168	0.245092991	0.267900842	0.293805558	0.315839368	0.327266562	0.304626229	0.31517216	0.280335497	0.30476252	0.017498263	0.059480137	0.02357453	0.006665359	0.045814142	0.045760026	0.054269355	0.055051375	0.042660872	0.032004438	6	6	6	6	6	6	6	6	6	6
ZM009-02	C	19/03/2021	lat:tot	0.302766969	0.16605098	0.262993422	0.265704386	0.279539015	NA	NA	NA	0.100284371	NA	0.201027604	NA	NA	NA	NA	NA	NA	NA	0.027633778	NA	2	1	1	1	1	0	0	0	2	0
ZM009-02	C	26/03/2021	lat:tot	0.299113769	0.230795058	0.230822031	0.32763227	0.347554904	0.345189592	0.482568577	0.363678909	0.311463708	0.791029881	0.149698064	0.118633088	0.085340235	0.140732258	0.095792616	0.112889544	0.079311688	0.029340529	0.200962415	0.078379556	3	6	6	6	6	5	4	4	6	6
ZM009-02	C	02/04/2021	lat:tot	0.288555454	0.203753699	0.20419207	0.237013844	0.264050509	0.257409409	0.330474487	0.297867415	0.275805251	0.512601421	0.061815007	0.027505607	0.040185936	0.05986889	0.080739823	0.118423238	0.102278173	0.094366357	0.145849015	0.130262589	6	6	6	6	6	6	6	6	6	6
ZM009-02	C	09/04/2021	lat:tot	0.356236451	0.243569691	0.239287176	0.282101922	0.290811426	0.336593842	0.39231153	0.379224534	0.376590127	0.448183886	0.055088449	0.065145981	0.062630646	0.068145469	0.053320533	0.03380138	0.045227321	0.085938105	0.097977814	0.094941877	6	6	6	6	6	6	6	6	6	6
ZM009-02	C	16/04/2021	lat:tot	0.33578794	0.21005251	0.226164317	0.248349606	0.266363549	0.29513112	0.343913273	0.330457277	0.310772855	0.325747028	0.067709991	0.026535854	0.041864699	0.060259387	0.038454854	0.044467759	0.055084865	0.042750987	0.029451565	0.049007774	6	6	6	6	6	6	6	6	6	6
ZM009-02	C	26/04/2021	lat:tot	0.473086663	0.221801171	0.230290888	0.260178765	0.273793506	0.290204505	0.333620511	0.304675927	0.309246358	0.330462422	0.041139178	0.034536044	0.02773059	0.055026111	0.034542629	0.033683698	0.038542651	0.033602019	0.024059735	0.044951232	6	6	6	6	6	6	6	6	6	6
ZM009-02	D	19/03/2021	lat:tot	0.398169014	0.312677403	0.310787215	0.231137145	NA	NA	NA	NA	0.333328328	0.513860852	0.095092914	0.126750737	0.144334482	0.03676178	NA	NA	NA	NA	NA	0.052093429	4	5	4	3	0	0	0	0	1	2
ZM009-02	D	26/03/2021	lat:tot	0.411290482	0.303232671	0.300800843	0.359442594	0.424061061	0.532037814	0.502331048	0.521832907	0.282011307	0.784140663	0.148065705	0.075298799	0.11024377	0.112818523	0.101861379	0.077689701	0.070614945	0.048569955	0.148327004	0.053284279	6	6	6	6	6	6	4	3	6	6
ZM009-02	D	02/04/2021	lat:tot	0.379030509	0.223641163	0.20470064	0.250386163	0.315312935	0.269535721	0.253352167	0.254837889	0.243566294	0.487579474	0.126427456	0.057711729	0.057398415	0.06553474	0.094862405	0.059043502	0.064996009	0.098319316	0.131648243	0.303770272	6	6	6	6	6	6	6	6	6	6
ZM009-02	D	09/04/2021	lat:tot	0.427149434	0.260840633	0.251661083	0.310117341	0.347047741	0.360786375	0.34276439	0.326969926	0.308169132	0.335740792	0.091574249	0.067963316	0.052479811	0.034965151	0.07475655	0.057758745	0.071311384	0.078544524	0.018221779	0.084675118	6	6	6	6	6	6	6	6	6	6
ZM009-02	D	16/04/2021	lat:tot	0.453940353	0.240147146	0.225414556	0.278783518	0.299213699	0.327110131	0.321244802	0.287993858	0.278914817	0.275969394	0.100558337	0.043961445	0.026848078	0.036947909	0.059053137	0.032728055	0.044652025	0.035436379	0.040644993	0.034315325	6	6	6	6	6	6	6	6	6	6
ZM009-02	D	26/04/2021	lat:tot	0.468130595	0.238477885	0.234037744	0.291545301	0.309715891	0.310392996	0.314949177	0.291431997	0.280801651	0.279583809	0.076427113	0.045003408	0.028870232	0.035566892	0.0497631	0.028171903	0.023609258	0.032946395	0.03065008	0.041758863	6	6	6	6	6	6	6	6	6	6
ZM009-03	A	19/03/2021	lat:tot	0.213751569	0.348382841	0.333807344	0.362227328	0.463173384	0.416519651	NA	NA	0.196124081	0.35798809	0.037656588	0.08509234	0.132785462	0.099197671	0.046742561	NA	NA	NA	0.057376051	NA	5	5	5	4	3	1	0	0	2	1
ZM009-03	A	26/03/2021	lat:tot	0.384163009	0.409873766	0.350341282	0.35457284	0.400286471	0.385558191	0.451555776	0.479061208	0.377952379	0.782432817	0.091146017	0.05973056	0.050951201	0.075316141	0.048340009	0.095717698	0.135887126	0.140247867	0.145765743	0.090427565	6	6	6	6	6	5	6	6	6	6
ZM009-03	A	02/04/2021	lat:tot	0.310976801	0.328855475	0.327678896	0.327528893	0.359164226	0.358660314	0.386589189	0.343955926	0.265890785	0.498635173	0.074179156	0.042967979	0.079436068	0.075483557	0.081630676	0.100594849	0.119509405	0.109818295	0.15815231	0.086963817	6	6	6	6	6	6	6	6	6	6
ZM009-03	A	09/04/2021	lat:tot	0.295115677	0.30733449	0.328287157	0.332991228	0.378416468	0.408826464	0.418914197	0.392599357	0.389602183	0.417243154	0.113718813	0.075114376	0.054862159	0.082891227	0.091018788	0.059033136	0.070689714	0.115686892	0.112098787	0.14720192	6	6	6	6	6	6	6	6	6	6
ZM009-03	A	16/04/2021	lat:tot	0.280518629	0.257487231	0.278508692	0.281069176	0.329496006	0.335488161	0.358065114	0.322487966	0.331774696	0.318462603	0.103081698	0.049774888	0.046921633	0.069798157	0.054481587	0.035513551	0.030237645	0.034112001	0.026755242	0.061215876	6	6	6	6	6	6	6	6	6	6
ZM009-03	A	26/04/2021	lat:tot	0.309014742	0.24706827	0.280072072	0.273847752	0.30380093	0.324625034	0.341821409	0.304099586	0.313059564	0.294176208	0.11083438	0.037982392	0.032788657	0.07187403	0.062586196	0.04722471	0.029630298	0.036244454	0.03647247	0.056898947	6	6	6	6	6	6	6	6	6	6
ZM009-03	B	19/03/2021	lat:tot	0.298255846	0.437248173	0.285765319	0.388574796	NA	NA	NA	NA	0.195272515	NA	0.14989829	0.223449703	0.084913618	NA	NA	NA	NA	NA	NA	NA	2	4	3	1	0	0	0	0	1	0
ZM009-03	B	26/03/2021	lat:tot	0.458198177	0.42435412	0.431875858	0.388228041	0.420398562	0.343684376	0.43799057	0.546327327	0.291379229	0.812482222	0.133164772	0.095072666	0.109901286	0.060549422	0.086635184	0.11308293	0.088316413	0.114054716	0.199912803	0.09539164	6	6	6	6	6	6	6	4	4	6
ZM009-03	B	02/04/2021	lat:tot	0.440482137	0.341024388	0.334364897	0.344676959	0.426355355	0.358757598	0.369729976	0.39683136	0.299733009	0.556519063	0.107079373	0.059634348	0.06859303	0.107034105	0.074036502	0.111762045	0.101833819	0.096594114	0.105502903	0.17654238	6	6	6	6	6	6	6	6	6	5
ZM009-03	B	09/04/2021	lat:tot	0.485748506	0.339707606	0.347667466	0.386113731	0.413616918	0.399764987	0.398069437	0.390595224	0.407720966	0.406409743	0.092072446	0.060332801	0.089832346	0.075884658	0.052045822	0.03464548	0.054720942	0.10735333	0.106829296	0.141662394	6	6	6	6	6	6	6	6	6	6
ZM009-03	B	16/04/2021	lat:tot	0.451553597	0.310744598	0.306599755	0.335584856	0.366283361	0.338274086	0.337500249	0.30345967	0.324504535	0.322243576	0.079820835	0.057573617	0.077083991	0.046758882	0.048964362	0.028923813	0.043248491	0.020409368	0.029440794	0.048104605	6	6	6	6	6	6	6	6	6	6
ZM009-03	B	26/04/2021	lat:tot	0.510261876	0.298242355	0.296735476	0.321843017	0.352908587	0.33850953	0.317847776	0.299099309	0.316556728	0.289722973	0.081454062	0.051589056	0.07542455	0.029649109	0.04705019	0.037737545	0.050242559	0.014907754	0.038885318	0.039255412	6	6	6	6	6	6	6	6	6	6
ZM009-03	C	19/03/2021	lat:tot	0.243896692	0.305868341	0.334808965	0.552295553	0.602668551	NA	NA	NA	NA	0.339475711	0.12544022	0.1611786	0.247039647	NA	NA	NA	NA	NA	NA	NA	3	2	2	1	1	0	0	0	0	1
ZM009-03	C	26/03/2021	lat:tot	0.412579732	0.335910461	0.33293237	0.401764166	0.434102674	0.43964617	0.390957476	0.450687942	0.282328648	0.766684842	0.141666103	0.079256707	0.105399244	0.083977512	0.055275068	0.058649882	0.093876837	0.213317696	0.146526495	0.083528441	6	6	6	6	5	5	5	4	6	6
ZM009-03	C	02/04/2021	lat:tot	0.345578095	0.348645304	0.334992812	0.407487928	0.411341192	0.405888382	0.362485327	0.357803137	0.198233202	0.40934706	0.095307735	0.058526254	0.025869014	0.050672443	0.035850457	0.069605099	0.078516153	0.102047113	0.088316424	0.12050069	6	6	6	6	6	6	6	6	6	6
ZM009-03	C	09/04/2021	lat:tot	0.399602533	0.330756483	0.335326768	0.36126161	0.409890748	0.411861946	0.400552709	0.425578369	0.421684625	0.492735276	0.125149516	0.065246289	0.060019684	0.070828175	0.051013202	0.086167848	0.059058821	0.081612467	0.083429163	0.09320663	6	6	6	6	6	6	6	6	6	6
ZM009-03	C	16/04/2021	lat:tot	0.328160623	0.303018931	0.291138666	0.328636225	0.37238246	0.366354077	0.330005713	0.345355129	0.335688814	0.349380209	0.093746427	0.090790793	0.029487069	0.057781613	0.042834223	0.071698334	0.071513528	0.044839032	0.058075549	0.042114616	6	6	6	6	6	6	6	6	6	6
ZM009-03	C	26/04/2021	lat:tot	0.397913463	0.306969382	0.279726055	0.300532892	0.35080414	0.344092207	0.323493108	0.334462073	0.315859846	0.326955095	0.103215671	0.117219544	0.048722356	0.035669091	0.04762988	0.060899203	0.060273733	0.032363956	0.057424339	0.047025441	6	6	6	6	6	6	6	6	6	6
ZM009-03	D	19/03/2021	lat:tot	NA	0.53922118	NA	0.417193023	0.552400108	NA	NA	NA	0.234904117	NA	NA	NA	NA	NA	NA	NA	NA	NA	NA	NA	0	1	0	1	1	0	0	0	1	0
ZM009-03	D	26/03/2021	lat:tot	0.357341166	0.354365495	0.373468966	0.382743076	0.453177937	0.433654344	0.452148139	0.571488067	0.320611861	0.7749766	0.099317745	0.077376439	0.150573796	0.143952837	0.062798959	0.153094881	0.151287618	0.060837971	0.142163072	0.071924554	6	6	6	6	6	6	6	4	5	6
ZM009-03	D	02/04/2021	lat:tot	0.403049859	0.317676502	0.345084184	0.37956054	0.38736501	0.395160184	0.354691133	0.391585521	0.333342668	0.378559368	0.062305145	0.087446158	0.074913305	0.055128451	0.109137945	0.045108472	0.084389404	0.14962227	0.158184502	0.122742711	6	6	6	6	6	6	6	6	6	6
ZM009-03	D	09/04/2021	lat:tot	0.431831585	0.327612177	0.3426617	0.366336365	0.371452245	0.38602085	0.386184046	0.410770654	0.414144999	0.444490593	0.063567468	0.082885638	0.070807278	0.087295014	0.101164494	0.073926232	0.09854915	0.103835682	0.092072475	0.118377836	6	6	6	6	6	6	6	6	6	6
ZM009-03	D	16/04/2021	lat:tot	0.420281197	0.286939897	0.291836237	0.325125926	0.336630455	0.344614504	0.331414306	0.341415581	0.355283325	0.324923125	0.08439059	0.051145503	0.051014297	0.045297186	0.076886401	0.054799129	0.044626454	0.04048114	0.074884706	0.039789803	6	6	6	6	6	6	6	6	6	6
ZM009-03	D	26/04/2021	lat:tot	0.430543558	0.283490388	0.277379954	0.316897761	0.330726566	0.33482185	0.319527925	0.327915524	0.322974252	0.298438956	0.06903186	0.061088976	0.051070626	0.046932846	0.076062919	0.058596765	0.043009799	0.031644887	0.060797399	0.042752696	6	6	6	6	6	6	6	6	6	6
ZM009-04	A	19/03/2021	lat:tot	0.410685055	0.451423907	0.377450336	0.399057885	0.40445222	0.409891244	0.436998372	0.491824105	0.208635882	0.39093064	0.08860181	0.099300144	0.10653959	0.019256787	0.011595571	0.077051297	0.04035903	NA	0.07697807	0.003547412	6	5	6	2	3	3	2	1	2	2
ZM009-04	A	26/03/2021	lat:tot	0.393542383	0.400678308	0.403967685	0.444469465	0.438280344	0.414015496	0.421839764	0.443757002	0.333797359	0.745512201	0.090922852	0.110989879	0.121754758	0.043672226	0.148388758	0.101437813	0.172415165	0.072880215	0.115263435	0.082894632	6	6	6	6	6	6	6	4	6	6
ZM009-04	A	02/04/2021	lat:tot	0.403512573	0.439277446	0.419384506	0.441086088	0.395742888	0.357747729	0.335031886	0.383273109	0.25827237	0.663234989	0.090654834	0.075640456	0.079445285	0.049475697	0.076421886	0.111801451	0.127688596	0.152558045	0.230049631	0.133303046	6	6	6	6	6	6	6	5	5	6
ZM009-04	A	09/04/2021	lat:tot	0.383178843	0.488023033	0.473639822	0.493414858	0.457836464	0.443254878	0.440413454	0.48906538	0.376051275	0.556828329	0.085319085	0.057967168	0.064223899	0.023729417	0.069760122	0.0667239	0.071410838	0.084478868	0.068888995	0.184095125	6	6	6	6	6	6	6	6	6	6
ZM009-04	A	16/04/2021	lat:tot	0.345309893	0.399489454	0.42338362	0.460768872	0.416728514	0.382543448	0.39341266	0.405577569	0.322682936	0.556241063	0.09375318	0.075768676	0.100762201	0.054071031	0.083403468	0.06364928	0.063370189	0.110984927	0.044263056	0.096732301	6	6	6	6	6	6	6	6	6	6
ZM009-04	A	26/04/2021	lat:tot	0.325104692	0.382532985	0.416370237	0.438462745	0.397672609	0.370134827	0.366355029	0.38954692	0.362532489	0.401328761	0.080489258	0.081689474	0.093652609	0.084632747	0.101459751	0.066359415	0.05939747	0.060969346	0.0571192	0.086051621	6	6	6	6	6	6	6	6	6	6
ZM009-04	B	19/03/2021	lat:tot	0.313143047	0.392552314	0.394331917	0.316175558	0.322266841	NA	NA	NA	NA	NA	0.187677328	0.101721327	0.021128849	0.17934723	NA	NA	NA	NA	NA	NA	3	5	3	3	1	0	0	0	0	0
ZM009-04	B	26/03/2021	lat:tot	0.471078577	0.459703618	0.530044782	0.472078263	0.459979133	0.440357109	0.507493756	0.491819476	0.278479898	0.704719965	0.195611799	0.131903118	0.083785199	0.082033401	0.155159815	0.084820939	0.11439574	0.151914181	0.140803425	0.070775407	5	6	6	6	6	6	6	6	6	6
ZM009-04	B	02/04/2021	lat:tot	0.547636525	0.478869541	0.4732362	0.482748043	0.430647636	0.369428033	0.37339135	0.420007333	0.322954267	0.621159174	0.17051422	0.112678496	0.130286617	0.071468507	0.081986521	0.098070361	0.088703563	0.112681969	0.1298322	0.175332191	6	6	6	6	6	6	6	6	6	6
ZM009-04	B	09/04/2021	lat:tot	0.518724831	0.532944471	0.517726392	0.534181304	0.514794596	0.468489018	0.503210519	0.485605884	0.497681405	0.600906534	0.111668806	0.082804139	0.11974479	0.038288282	0.043112937	0.048670703	0.055205229	0.067687406	0.068887322	0.138387053	6	6	6	6	6	6	6	6	6	6
ZM009-04	B	16/04/2021	lat:tot	0.491411284	0.463652594	0.457714217	0.484091983	0.453273837	0.382640138	0.447714162	0.376784053	0.436766147	0.571590136	0.116426713	0.098777248	0.098959981	0.053321107	0.038011441	0.070157454	0.069408408	0.039856844	0.035077755	0.08132619	6	6	6	6	6	6	6	6	6	6
ZM009-04	B	26/04/2021	lat:tot	0.506922052	0.425434635	0.431866574	0.453410044	0.426579825	0.379882314	0.445276496	0.376239511	0.41112934	0.436550238	0.107288327	0.053191068	0.101703132	0.031012215	0.042911704	0.032118665	0.073810453	0.052122264	0.036425364	0.098314712	6	6	6	6	6	6	6	6	6	6
ZM009-04	C	19/03/2021	lat:tot	0.213710107	0.335138856	NA	NA	0.57365872	0.421637027	0.411384031	NA	0.098923667	0.290084863	0.088795442	NA	NA	NA	NA	NA	NA	NA	NA	NA	3	1	0	0	1	1	1	0	1	1
ZM009-04	C	26/03/2021	lat:tot	0.433465252	0.333796875	0.38319468	0.417027336	0.395953624	0.394255767	0.393859192	0.453714792	0.242661949	0.760646505	0.271950984	0.172599697	0.130247878	0.08525348	0.143857402	0.047359678	0.21222015	0.051200779	0.145766117	0.089295427	5	6	6	6	5	6	4	4	6	6
ZM009-04	C	02/04/2021	lat:tot	0.371285752	0.388598591	0.381912761	0.409459383	0.356224414	0.412191462	0.353729343	0.35359611	0.28673103	0.650399409	0.0730414	0.124165612	0.121335161	0.06389355	0.156130193	0.04768903	0.148050248	0.163064738	0.162974266	0.178143344	6	6	6	6	6	6	6	6	6	6
ZM009-04	C	09/04/2021	lat:tot	0.467473549	0.460776134	0.470071278	0.49889797	0.468472003	0.469060418	0.462771535	0.515971195	0.464364929	0.588530343	0.028210439	0.075003749	0.073884779	0.059546283	0.097525517	0.030156686	0.034654651	0.075409652	0.137394671	0.105216695	6	6	6	6	6	6	6	6	6	6
ZM009-04	C	16/04/2021	lat:tot	0.471777478	0.379234843	0.392647747	0.448758646	0.440521968	0.426629024	0.376547501	0.425016204	0.366090415	0.540526336	0.047986692	0.07524157	0.088340136	0.089547281	0.158675891	0.040795734	0.063235228	0.077218481	0.126181406	0.091061535	6	6	6	6	6	6	6	6	6	6
ZM009-04	C	26/04/2021	lat:tot	0.477282841	0.358160166	0.382866799	0.435832421	0.43869111	0.429006642	0.391033695	0.43152925	0.429969098	0.464040335	0.043559178	0.042952178	0.074053845	0.080828242	0.156051304	0.045000508	0.047477574	0.060146587	0.123020397	0.057014731	6	6	6	6	6	6	6	6	6	6
ZM009-04	D	19/03/2021	lat:tot	0.431331127	0.390655136	0.37803546	0.418978209	0.379414171	0.532439712	NA	NA	0.113062239	NA	0.104352636	0.111659017	0.057377745	0.136328704	0.230752806	NA	NA	NA	0.008922559	NA	4	6	5	2	2	1	0	0	2	0
ZM009-04	D	26/03/2021	lat:tot	0.368480655	0.389284518	0.437159945	0.504603154	0.479984668	0.405566252	0.423751736	0.493100295	0.283216101	0.767254444	0.15415544	0.106818642	0.123218267	0.04782365	0.034803852	0.162105901	0.20151276	0.19090241	0.11903402	0.091277724	5	6	6	6	6	6	4	5	6	6
ZM009-04	D	02/04/2021	lat:tot	0.466166809	0.424743781	0.464038622	0.463566694	0.438687977	0.438263264	0.362006778	0.435606188	0.251770694	0.589318847	0.124897355	0.078234961	0.091848422	0.047674756	0.062252533	0.111461862	0.166200697	0.082495425	0.179994426	0.1246787	6	6	6	6	6	6	6	5	6	6
ZM009-04	D	09/04/2021	lat:tot	0.496742613	0.461494237	0.498913433	0.507875494	0.485894536	0.489980033	0.46692205	0.509171088	0.430590796	0.541003375	0.081045948	0.089782494	0.096102578	0.064553837	0.082890912	0.061663324	0.076762352	0.107240719	0.14441591	0.116993585	6	6	6	6	6	6	6	6	6	6
ZM009-04	D	16/04/2021	lat:tot	0.441635085	0.382436049	0.436238372	0.449392274	0.449834161	0.417130728	0.401531101	0.420951412	0.364911455	0.524385403	0.091359506	0.100119437	0.103288626	0.047267615	0.099438255	0.085239566	0.067079866	0.071304925	0.134006174	0.07730779	6	6	6	6	6	6	6	6	6	6
ZM009-04	D	26/04/2021	lat:tot	0.437766184	0.353342699	0.415432117	0.439096019	0.410458289	0.421331697	0.409724294	0.42095588	0.401107114	0.417473838	0.088318128	0.11207543	0.113615553	0.054894221	0.082427191	0.064049893	0.069713619	0.10273014	0.071630322	0.060875565	6	6	6	6	6	6	6	6	6	6
ZM009-05	A	19/03/2021	lat:tot	0.331387498	0.399255868	0.395653962	0.444375368	0.472192983	0.427188934	0.49523814	0.33491027	0.302206111	0.50803886	0.039646906	0.142049876	0.074343142	0.095770747	0.04677577	0.098394614	0.095468678	0.234520261	0.206299794	NA	6	6	4	3	4	4	2	2	3	1
ZM009-05	A	26/03/2021	lat:tot	0.319064619	0.341326576	0.342849205	0.41612612	0.414038484	0.445253282	0.38199651	0.413537787	0.356543198	0.725837675	0.072400687	0.099290563	0.083211242	0.054265233	0.075712704	0.046364899	0.144433723	0.153722685	0.155104408	0.080137641	6	6	6	6	6	6	6	6	6	6
ZM009-05	A	02/04/2021	lat:tot	0.282143415	0.308829878	0.368548411	0.36977948	0.40570192	0.387533313	0.313582802	0.305949832	0.298224928	0.395105762	0.022558899	0.028388596	0.063112129	0.083745586	0.08489846	0.062351568	0.114169165	0.100243995	0.079301749	0.106466096	6	6	6	6	6	6	6	6	6	6
ZM009-05	A	09/04/2021	lat:tot	0.273875899	0.273961133	0.364656745	0.412219182	0.437861553	0.432256675	0.39722118	0.39123058	0.365449653	0.376043658	0.042247471	0.053840842	0.083192305	0.078441319	0.099949418	0.089056965	0.052835199	0.082164233	0.134235377	0.109315964	6	6	6	6	6	6	6	6	6	6
ZM009-05	A	16/04/2021	lat:tot	0.290034681	0.250727141	0.296023105	0.300191628	0.321970969	0.34246144	0.298302527	0.28050068	0.23723689	0.240860878	0.041015045	0.035650134	0.028272588	0.083591355	0.064061695	0.031969151	0.046530704	0.036224415	0.024608909	0.018351836	6	6	6	6	6	6	6	6	6	6
ZM009-05	A	26/04/2021	lat:tot	0.307847432	0.276084443	0.288086685	0.315080783	0.33214207	0.35856795	0.305141258	0.302508454	0.250653719	0.276496871	0.045304218	0.047041357	0.040486345	0.070147147	0.082502769	0.039281645	0.088688262	0.030999157	0.049180508	0.011727778	6	6	6	6	6	6	6	6	6	6
ZM009-05	B	19/03/2021	lat:tot	0.215364888	0.366970731	0.385862498	0.431643112	0.375926804	0.434180286	0.458708582	NA	0.088847789	NA	0.194965783	0.103607446	0.072799926	0.048919317	0.161542023	NA	NA	NA	NA	NA	2	6	5	5	2	1	1	0	1	0
ZM009-05	B	26/03/2021	lat:tot	0.421682523	0.344553057	0.327622524	0.402320819	0.387144628	0.34586045	0.395133797	0.425502433	0.318479204	0.747081978	0.120138512	0.080541745	0.081389406	0.068405562	0.077417094	0.161086946	0.119534431	0.135145739	0.21087188	0.062735356	6	6	6	6	6	6	6	5	6	6
ZM009-05	B	02/04/2021	lat:tot	0.411682798	0.265631213	0.280533232	0.300165005	0.356573064	0.360478394	0.333116907	0.347272492	0.261382354	0.361030561	0.032121002	0.052860286	0.027926704	0.063806998	0.068413857	0.07438734	0.103874274	0.09563897	0.082516901	0.088608783	6	6	6	6	6	6	6	6	6	6
ZM009-05	B	09/04/2021	lat:tot	0.482989144	0.304115943	0.32895112	0.365881931	0.389185252	0.385775287	0.387470682	0.387343597	0.37574859	0.370070757	0.03534987	0.020644695	0.056766281	0.070951462	0.07140391	0.105494663	0.09364163	0.085497869	0.104561253	0.134044038	6	6	6	6	6	6	6	6	6	6
ZM009-05	B	16/04/2021	lat:tot	0.470486386	0.246734218	0.241447618	0.260956502	0.286076636	0.276692221	0.289941943	0.283962638	0.241401121	0.245563167	0.051627335	0.033919699	0.027929356	0.049300111	0.042475286	0.038256439	0.030581567	0.042014072	0.033436357	0.046973805	6	6	6	6	6	6	6	6	6	6
ZM009-05	B	26/04/2021	lat:tot	0.512893801	0.298259267	0.249872693	0.269415981	0.290519808	0.294251442	0.318198876	0.310657688	0.264857924	0.27075884	0.048416936	0.085259156	0.048045697	0.057064041	0.043273159	0.055172169	0.032295881	0.057554962	0.040604644	0.050213023	6	6	6	6	6	6	6	6	6	6
ZM009-05	C	19/03/2021	lat:tot	0.352199821	0.288525046	0.328728829	0.348324796	0.394767396	0.473309735	0.47093616	0.481245633	0.248504611	0.362505768	0.258699985	NA	0.009512108	0.205173837	0.116629461	NA	NA	NA	0.213659288	NA	4	1	2	3	2	1	1	1	2	1
ZM009-05	C	26/03/2021	lat:tot	0.448664451	0.236343428	0.261492294	0.265442868	0.340360164	0.420858553	0.347065332	0.385005309	0.27502928	0.778603142	0.20350136	0.110577973	0.098824332	0.102413998	0.084738722	0.126613032	0.122797404	0.176721023	0.145388085	0.069638792	6	6	6	6	6	6	6	5	6	6
ZM009-05	C	02/04/2021	lat:tot	0.467622156	0.321998721	0.300021444	0.306440261	0.305901481	0.329146724	0.339787516	0.290421806	0.275235266	0.380062264	0.160227877	0.075755087	0.040650375	0.074882003	0.064734444	0.063381427	0.07584368	0.08087285	0.061356273	0.102845734	6	6	6	6	6	6	6	6	6	6
ZM009-05	C	09/04/2021	lat:tot	0.513467612	0.372991266	0.356361798	0.357556685	0.359599759	0.382986712	0.399677042	0.36434779	0.366918256	0.373469625	0.056572757	0.063666737	0.060563931	0.065464225	0.057769254	0.056696182	0.074601088	0.069974105	0.11504626	0.14120338	6	6	6	6	6	6	6	6	6	6
ZM009-05	C	16/04/2021	lat:tot	0.493419088	0.30831495	0.287618644	0.294438844	0.285808312	0.311535747	0.304315404	0.276782618	0.235876492	0.235891138	0.080216206	0.075141822	0.025452376	0.047278607	0.025020461	0.029801952	0.030542722	0.032742672	0.029742673	0.038820822	6	6	6	6	6	6	6	6	6	6
ZM009-05	C	26/04/2021	lat:tot	0.482086729	0.392151882	0.312826046	0.313870823	0.3061313	0.327319239	0.333427521	0.305486751	0.261899527	0.26070668	0.032660344	0.118797512	0.022653342	0.06632534	0.028446927	0.037655048	0.035292074	0.047576735	0.027615764	0.04309561	6	6	6	6	6	6	6	6	6	6
ZM009-05	D	19/03/2021	lat:tot	0.375690132	0.395242971	0.360133449	0.451660007	0.53017989	0.477408476	0.47118018	0.489676896	0.140503216	NA	0.243409618	0.144836833	0.012417015	0.106236672	NA	NA	NA	NA	0.046265886	NA	2	4	4	2	1	1	1	1	2	0
ZM009-05	D	26/03/2021	lat:tot	0.421590449	0.347298565	0.345479047	0.391660629	0.407157509	0.346987523	0.372529166	0.413927399	0.323707663	0.715319576	0.1577924	0.074053636	0.040834998	0.061291583	0.10293185	0.106668793	0.129736554	0.131058056	0.146750979	0.082218398	6	6	6	6	6	6	6	6	6	6
ZM009-05	D	02/04/2021	lat:tot	0.39331095	0.334676262	0.337701611	0.320223756	0.3319291	0.307671584	0.304237219	0.322192527	0.255984781	0.374006068	0.156057233	0.027098813	0.039628419	0.069159787	0.088456237	0.088545656	0.073842055	0.057818895	0.097037302	0.08769485	6	6	6	6	6	6	6	6	6	6
ZM009-05	D	09/04/2021	lat:tot	0.423695184	0.351702046	0.360618045	0.358817636	0.374888637	0.362677355	0.348096688	0.380637735	0.366639245	0.375363854	0.105196552	0.044653343	0.046720986	0.073621143	0.065971275	0.04786443	0.079386945	0.096094631	0.076790221	0.097848307	6	6	6	6	6	6	6	6	6	6
ZM009-05	D	16/04/2021	lat:tot	0.451300396	0.302950979	0.296707297	0.289274988	0.311407195	0.28746085	0.275014891	0.25804426	0.261222617	0.254258015	0.080643019	0.040645858	0.049411443	0.07889248	0.06343229	0.039445633	0.010075853	0.041425445	0.058481313	0.010951142	6	6	6	6	6	6	6	6	6	6
ZM009-05	D	26/04/2021	lat:tot	0.490066065	0.341290461	0.314615764	0.31107916	0.348315766	0.301402904	0.290967785	0.274507773	0.276927012	0.279608789	0.033709114	0.055691265	0.037032844	0.073104318	0.088962907	0.060362038	0.033338964	0.059993052	0.052089512	0.013822399	6	6	6	6	6	6	6	6	6	6
ZM009-06	A	19/03/2021	lat:tot	0.357683729	0.327496026	0.279408342	0.436429936	0.507235118	0.436942125	0.379222228	0.451931933	0.243870259	0.350094121	0.118018864	0.117321623	0.122289346	0.020071636	0.041902886	0.068328772	0.105044731	NA	0.144384121	0.010599191	6	6	4	3	3	2	3	1	2	2
ZM009-06	A	26/03/2021	lat:tot	0.281918165	0.289016716	0.264305091	0.275235615	0.31830303	0.368200626	0.369393773	0.383476184	0.275372909	0.664614383	0.071167917	0.046364053	0.043026121	0.033044779	0.069513717	0.127564612	0.114044174	0.168584482	0.163538712	0.10788065	6	6	6	6	6	6	6	5	6	6
ZM009-06	A	02/04/2021	lat:tot	0.233486845	0.231136045	0.273091789	0.293249129	0.27609102	0.308548527	0.321917056	0.26908961	0.250367826	0.27336745	0.069056166	0.047929577	0.038499554	0.044201159	0.050193996	0.020909397	0.105730033	0.042047234	0.075887768	0.097578496	6	6	6	6	6	6	6	6	6	6
ZM009-06	A	09/04/2021	lat:tot	0.221179897	0.171867429	0.258301428	0.294361516	0.301518262	0.296324289	0.313496519	0.269424237	0.258861095	0.240672224	0.040392344	0.058076468	0.041799546	0.049752662	0.065026217	0.080465562	0.070124714	0.082109194	0.081412751	0.068051175	6	6	6	6	6	6	6	6	6	6
ZM009-06	A	16/04/2021	lat:tot	0.28545649	0.17796803	0.226496004	0.245291278	0.256279744	0.274657071	0.285300134	0.22867277	0.210673845	0.205331558	0.073522268	0.051745975	0.027661116	0.025383105	0.028533645	0.00585441	0.041851492	0.012892544	0.027728439	0.035656371	6	6	6	6	6	6	6	6	6	6
ZM009-06	A	26/04/2021	lat:tot	0.28716573	0.175548464	0.226362498	0.246513606	0.270401699	0.289029044	0.295538696	0.24108579	0.221094964	0.228199622	0.061035935	0.052587425	0.029707851	0.027536595	0.037603	0.008620897	0.041177398	0.009685776	0.023055427	0.032550723	6	6	6	6	6	6	6	6	6	6
ZM009-06	B	19/03/2021	lat:tot	0.299991164	0.425386935	0.363492976	0.308507041	0.194073605	0.400081597	NA	NA	0.168802011	0.56521193	0.16888897	0.08285659	0.134440508	0.190610837	NA	0.004649857	NA	NA	0.080436874	NA	6	5	5	4	1	2	0	0	2	1
ZM009-06	B	26/03/2021	lat:tot	0.333364686	0.287294833	0.328192799	0.379507066	0.325619487	0.357665116	0.317424824	0.385659889	0.244863795	0.672276686	0.087309952	0.081592324	0.051460249	0.078566645	0.121454749	0.044663939	0.078271313	0.061657092	0.143474993	0.095242707	6	6	6	6	6	6	6	5	5	6
ZM009-06	B	02/04/2021	lat:tot	0.379708787	0.265445844	0.292808581	0.328713981	0.332235306	0.342589451	0.298610836	0.263316802	0.269636218	0.35963151	0.080986636	0.066918791	0.046372424	0.035383919	0.042901612	0.055431823	0.074922107	0.074474876	0.083614981	0.055170168	6	6	6	6	6	6	6	6	6	6
ZM009-06	B	09/04/2021	lat:tot	0.417084622	0.285784821	0.294680283	0.317785624	0.316305937	0.313104594	0.29578742	0.283020043	0.281385016	0.258958774	0.082761729	0.073022311	0.059635162	0.039863298	0.065593149	0.05132642	0.069787258	0.097429247	0.114618088	0.076280663	6	6	6	6	6	6	6	6	6	6
ZM009-06	B	16/04/2021	lat:tot	0.391166943	0.25924368	0.27037012	0.287199185	0.295680257	0.282625867	0.25531876	0.236509612	0.228878123	0.225399441	0.071235454	0.067584779	0.029220948	0.022798562	0.052162322	0.033513732	0.049508617	0.041405759	0.040816447	0.032046696	6	6	6	6	6	6	6	6	6	6
ZM009-06	B	26/04/2021	lat:tot	0.399834058	0.266688633	0.271221349	0.293137198	0.307744348	0.299640205	0.270124555	0.2466973	0.23876374	0.251481331	0.076384977	0.058709477	0.03037321	0.037530168	0.044085831	0.036103992	0.053911035	0.039389314	0.040431161	0.027269725	6	6	6	6	6	6	6	6	6	6
ZM009-06	C	19/03/2021	lat:tot	0.302541368	0.376819411	0.249808853	0.259516243	0.415199822	0.280977412	0.366123127	NA	0.115328898	NA	0.24840227	NA	0.094545895	NA	NA	0.009408947	NA	NA	NA	NA	2	1	2	1	1	2	1	0	1	0
ZM009-06	C	26/03/2021	lat:tot	0.356545965	0.218382147	0.250958053	0.25031382	0.227162426	0.256998274	0.352445203	0.340873118	0.275091732	0.691348874	0.140220596	0.052118514	0.070951814	0.097077874	0.063262383	0.113470258	0.063626108	0.110362479	0.114777403	0.085843421	6	6	6	6	6	6	5	5	6	6
ZM009-06	C	02/04/2021	lat:tot	0.360790005	0.272116713	0.257675888	0.289787612	0.280996345	0.280511701	0.316801813	0.351384562	0.308113511	0.339337945	0.057336337	0.05464919	0.031741458	0.03758355	0.037180518	0.061410283	0.062240901	0.085691601	0.027951543	0.024502006	6	6	6	6	6	6	6	6	6	6
ZM009-06	C	09/04/2021	lat:tot	0.395207835	0.28937537	0.276670669	0.291778601	0.280603333	0.279650659	0.314409782	0.31431274	0.305404849	0.269798919	0.092790881	0.045674517	0.058443882	0.047249504	0.067101382	0.062506704	0.056335306	0.09717923	0.102141973	0.075110488	6	6	6	6	6	6	6	6	6	6
ZM009-06	C	16/04/2021	lat:tot	0.416377432	0.249581984	0.24671592	0.270902647	0.255753006	0.2575075	0.287900701	0.284318497	0.253461354	0.250932001	0.103639866	0.043021048	0.044497313	0.027697865	0.029954671	0.031836893	0.012572484	0.040977708	0.043035612	0.033563343	6	6	6	6	6	6	6	6	6	6
ZM009-06	C	26/04/2021	lat:tot	0.483504794	0.286047125	0.26139617	0.276189702	0.268143575	0.26888796	0.299636687	0.296528638	0.262325556	0.269991317	0.086422888	0.060077088	0.064177841	0.039090154	0.027386039	0.031543552	0.016584678	0.051954327	0.049364128	0.034810461	6	6	6	6	6	6	6	6	6	6
ZM009-06	D	19/03/2021	lat:tot	0.506548006	0.402916263	0.450460887	0.458181023	0.539265193	0.547034828	0.51501637	0.505517406	0.217423778	0.548818927	0.190918102	0.136258232	0.048548462	0.132719698	NA	NA	NA	NA	0.160790039	NA	2	6	3	2	1	1	1	1	4	1
ZM009-06	D	26/03/2021	lat:tot	0.385491502	0.242897423	0.278691494	0.260101383	0.292104401	0.315508261	0.366593634	0.372197538	0.254506484	0.727220703	0.096539639	0.054560273	0.095375827	0.075050217	0.114732999	0.102182744	0.184966165	0.134613946	0.175327673	0.056556595	6	6	6	6	6	6	5	4	6	6
ZM009-06	D	02/04/2021	lat:tot	0.413516147	0.231764136	0.275287404	0.274830488	0.295266035	0.28391589	0.294955977	0.250923083	0.25155814	0.32257429	0.051729737	0.028302704	0.06723056	0.020717595	0.029046522	0.055213536	0.052166811	0.088633435	0.095990358	0.061284962	6	6	6	6	6	6	6	6	6	6
ZM009-06	D	09/04/2021	lat:tot	0.415672493	0.251358651	0.281398934	0.281432549	0.28652994	0.280673484	0.276455906	0.273438566	0.271192886	0.248920106	0.07978443	0.046999059	0.053372466	0.032945864	0.045497391	0.075036493	0.068476143	0.07957225	0.067346028	0.077117053	6	6	6	6	6	6	6	6	6	6
ZM009-06	D	16/04/2021	lat:tot	0.446542203	0.217711247	0.268282723	0.259423362	0.26481323	0.26922461	0.259294394	0.248880055	0.228864921	0.229555635	0.085376796	0.044070586	0.07874303	0.026558583	0.022505865	0.029356737	0.028514485	0.038305225	0.035656088	0.030168007	6	6	6	6	6	6	6	6	6	6
ZM009-06	D	26/04/2021	lat:tot	0.466735007	0.236094053	0.268055857	0.275002801	0.281545902	0.287993098	0.273164394	0.256332934	0.238276335	0.254086063	0.064378117	0.041395237	0.080509022	0.037625296	0.031447848	0.037292034	0.028462737	0.04094528	0.035384457	0.025762286	6	6	6	6	6	6	6	6	6	6
ZM009-07	A	19/03/2021	lat:tot	0.336527094	0.342706064	0.460709716	0.4795118	0.435480626	0.413956495	0.471039498	0.388040318	0.274181273	0.534867046	0.104191413	0.112485799	0.090290195	0.120839957	0.112308486	0.134084523	NA	0.129802837	0.225265733	0.059028736	6	6	4	4	4	4	1	2	4	2
ZM009-07	A	26/03/2021	lat:tot	0.321364006	0.308121424	0.314247299	0.340331721	0.323187915	0.424506749	0.409940225	0.431718922	0.399639639	0.695350873	0.050979186	0.044273957	0.065400203	0.056273103	0.108479688	0.07916421	0.076087261	0.121673906	0.103966379	0.088854648	6	6	6	6	4	5	5	5	6	6
ZM009-07	A	02/04/2021	lat:tot	0.281934281	0.263479784	0.305204937	0.307785724	0.275013516	0.261060746	0.306702949	0.242965925	0.250966583	0.317876334	0.048464301	0.039209308	0.057416724	0.059610417	0.041038926	0.067857761	0.056104406	0.076478071	0.070446229	0.047736254	6	6	6	6	6	6	6	6	6	6
ZM009-07	A	09/04/2021	lat:tot	0.29407229	0.28093734	0.33719186	0.34817584	0.347725388	0.335507947	0.374737107	0.354027627	0.354740354	0.343737528	0.038709709	0.047566501	0.054845336	0.078986351	0.083669303	0.105000413	0.107000098	0.120009154	0.106862122	0.08261566	6	6	6	6	6	6	6	6	6	6
ZM009-07	A	16/04/2021	lat:tot	0.32341207	0.256595856	0.28290243	0.27767191	0.27989485	0.264158038	0.281084546	0.256748706	0.234443516	0.228184195	0.026684726	0.056132335	0.053643281	0.041822844	0.015714392	0.036226961	0.046593484	0.039939402	0.037886351	0.038067523	6	6	6	6	6	6	6	6	6	6
ZM009-07	A	26/04/2021	lat:tot	0.336256181	0.262589306	0.27633116	0.281591484	0.286784895	0.271754426	0.291218221	0.261378934	0.238318072	0.240247137	0.033621283	0.054395292	0.050639694	0.044579542	0.014910416	0.042862888	0.05119944	0.042794121	0.037717896	0.030328319	6	6	6	6	6	6	6	6	6	6
ZM009-07	B	19/03/2021	lat:tot	0.319045868	0.376838262	0.441321726	0.30707916	0.314948508	0.461327454	0.266579893	NA	0.149108888	NA	0.080695573	0.173176395	0.110379075	0.01705478	0.080876297	0.128679432	NA	NA	0.013602078	NA	5	6	5	3	3	2	1	0	2	0
ZM009-07	B	26/03/2021	lat:tot	0.407519316	0.331363041	0.345310636	0.387468405	0.404074409	0.345657921	0.334328713	0.41549076	0.234723448	0.717672553	0.064786513	0.070742713	0.077735905	0.100351527	0.102578981	0.09788115	0.157752039	0.11084056	0.131858735	0.084162084	6	6	6	6	6	6	6	5	6	6
ZM009-07	B	02/04/2021	lat:tot	0.347195399	0.262317524	0.27580264	0.302197534	0.315306299	0.314318185	0.306437325	0.299194575	0.270093149	0.347870239	0.068098781	0.040644161	0.030762351	0.039255318	0.050268319	0.062128909	0.084024597	0.052187157	0.079390235	0.100788378	6	6	6	6	6	6	6	6	6	6
ZM009-07	B	09/04/2021	lat:tot	0.376878856	0.304879805	0.321013914	0.3420435	0.350603929	0.383627505	0.356318007	0.36494326	0.342944683	0.339036847	0.043141365	0.048800511	0.056619013	0.081768397	0.083817491	0.086500919	0.118209804	0.080771653	0.140167334	0.078332698	6	6	6	6	6	6	6	6	6	6
ZM009-07	B	16/04/2021	lat:tot	0.376056231	0.243273516	0.258859677	0.275548371	0.288386744	0.289358506	0.264885597	0.257415149	0.227299166	0.253375695	0.054222497	0.048372587	0.037438785	0.051232017	0.039709999	0.023345292	0.033761264	0.025269672	0.049169905	0.066258909	6	6	6	6	6	6	6	6	6	6
ZM009-07	B	26/04/2021	lat:tot	0.398858656	0.262462634	0.254989914	0.276372051	0.291908666	0.30359454	0.274247121	0.258147716	0.230122997	0.26786358	0.03551649	0.042033561	0.036070054	0.061427225	0.037727281	0.020088241	0.037531119	0.023962272	0.046972766	0.068655907	6	6	6	6	6	6	6	6	6	6
ZM009-07	C	19/03/2021	lat:tot	0.448487157	0.443503849	0.434779458	0.427763986	NA	0.213822929	NA	NA	0.174753158	0.435773153	0.010937649	NA	NA	NA	NA	NA	NA	NA	0.070771398	NA	2	1	1	1	0	1	0	0	3	1
ZM009-07	C	26/03/2021	lat:tot	0.438550066	0.308147058	0.279024676	0.294422354	0.34279702	0.302670566	0.293211338	0.480374316	0.376014156	0.764291999	0.116633322	0.059451861	0.104798823	0.085499767	0.121556966	0.111136049	0.103957741	0.118170526	0.139726731	0.053763744	6	6	6	6	6	6	6	6	6	6
ZM009-07	C	02/04/2021	lat:tot	0.396211745	0.295794359	0.295112268	0.309424223	0.303396264	0.307012882	0.302227042	0.345938381	0.279827835	0.337828908	0.123880381	0.071552779	0.017997521	0.048383007	0.041392093	0.056519052	0.073373237	0.042784315	0.082438076	0.059491054	6	6	6	6	6	6	6	6	6	6
ZM009-07	C	09/04/2021	lat:tot	0.395238323	0.328804597	0.331183253	0.338588176	0.333039939	0.340672526	0.344558709	0.372107203	0.346501749	0.341132915	0.112711365	0.036206821	0.044840274	0.064588083	0.065864205	0.06965807	0.081876614	0.091171003	0.063312433	0.060109435	6	6	6	6	6	6	6	6	6	6
ZM009-07	C	16/04/2021	lat:tot	0.406178125	0.280616898	0.286464841	0.281230337	0.272739454	0.267730512	0.273142616	0.274654902	0.245478637	0.264477237	0.127146051	0.04849474	0.012244331	0.032980283	0.026681022	0.026866691	0.033509035	0.048148562	0.041974193	0.052454755	6	6	6	6	6	6	6	6	6	6
ZM009-07	C	26/04/2021	lat:tot	0.414017357	0.288668209	0.294989153	0.289446312	0.28361313	0.276349463	0.281068663	0.278554879	0.250550573	0.272631398	0.106190191	0.038218254	0.01637119	0.031208128	0.023347322	0.026388312	0.035437759	0.044583951	0.041397947	0.056925354	6	6	6	6	6	6	6	6	6	6
ZM009-07	D	19/03/2021	lat:tot	0.336769269	0.356739606	0.320133076	0.365342772	0.494286595	0.494043418	0.225262934	NA	0.18471423	NA	0.21765148	0.180422435	0.131573519	0.086709628	NA	NA	NA	NA	0.068980178	NA	3	3	4	4	1	1	1	0	2	0
ZM009-07	D	26/03/2021	lat:tot	0.428042655	0.362444727	0.343710585	0.372349488	0.428963655	0.453656885	0.473811927	0.53213484	0.357647944	0.738414601	0.145460422	0.097576993	0.096117615	0.102965469	0.088354769	0.07935752	0.14402699	0.119861737	0.241022042	0.125127729	6	6	6	6	6	6	6	5	5	6
ZM009-07	D	02/04/2021	lat:tot	0.365566472	0.295225487	0.298794444	0.310866138	0.321137082	0.354921138	0.345137803	0.297452919	0.236595718	0.310739101	0.068666837	0.042421596	0.057086473	0.041421995	0.04268861	0.047231913	0.070668727	0.081457439	0.083404464	0.073927619	6	6	6	6	6	6	6	6	6	6
ZM009-07	D	09/04/2021	lat:tot	0.427877589	0.340627023	0.329177574	0.34072859	0.340913014	0.359814669	0.358444117	0.325731567	0.314453079	0.313177509	0.063491713	0.050475033	0.029416034	0.043370355	0.058011546	0.058429773	0.051324033	0.076011773	0.075112434	0.061462893	6	6	6	6	6	6	6	6	6	6
ZM009-07	D	16/04/2021	lat:tot	0.436544419	0.287575481	0.277880591	0.2978094	0.297101609	0.309372082	0.275027151	0.256291426	0.22311011	0.228023118	0.078867321	0.043403222	0.032873569	0.023770288	0.028385338	0.01165521	0.025887507	0.024398768	0.024672573	0.052601722	6	6	6	6	6	6	6	6	6	6
ZM009-07	D	26/04/2021	lat:tot	0.460567213	0.296520127	0.287709126	0.30484043	0.305627736	0.320582098	0.285750196	0.259066785	0.226098174	0.239790419	0.08911268	0.028145987	0.042084199	0.024922189	0.027765079	0.012014856	0.02831406	0.024681619	0.025254151	0.050199413	6	6	6	6	6	6	6	6	6	6
ZM009-08	A	19/03/2021	lat:tot	0.319074144	0.401002718	0.444565163	0.342977872	0.461487405	0.454356578	NA	NA	0.152077453	NA	0.059755174	0.088425656	NA	0.059022867	NA	NA	NA	NA	0.103122751	NA	3	3	1	2	1	1	0	0	2	0
ZM009-08	A	26/03/2021	lat:tot	0.34923347	0.336345804	0.34009846	0.401100734	0.372755489	0.377648609	0.397913681	0.39992094	0.357363837	0.721628384	0.050781	0.089675202	0.113961381	0.073941214	0.122317461	0.117319934	0.101222391	0.190847689	0.154287774	0.06919932	6	6	6	6	6	6	6	5	6	6
ZM009-08	A	02/04/2021	lat:tot	0.318688311	0.325308733	0.361926336	0.427290118	0.395588917	0.416858362	0.377608054	0.342575021	0.373116706	0.497103767	0.059448616	0.057755359	0.074503976	0.083944633	0.092455965	0.108756912	0.081661912	0.082891556	0.064273755	0.084914542	6	6	6	6	6	6	6	6	6	6
ZM009-08	A	09/04/2021	lat:tot	0.286364275	0.314659538	0.380664466	0.443605692	0.426576448	0.439050144	0.436997509	0.438247539	0.435794	0.42021999	0.049464368	0.044391212	0.097614613	0.068694406	0.050791093	0.083503118	0.098314115	0.100867373	0.116619017	0.160974504	6	6	6	6	6	6	6	6	6	6
ZM009-08	A	16/04/2021	lat:tot	0.347340908	0.277084608	0.305657479	0.37246475	0.359129313	0.379504443	0.342414334	0.336684901	0.308020062	0.288594325	0.070066543	0.042191417	0.04024551	0.024247654	0.040280421	0.051795148	0.027602555	0.058483375	0.037823717	0.043927469	6	6	6	6	6	6	6	6	6	6
ZM009-08	A	26/04/2021	lat:tot	0.32966215	0.294878751	0.32488988	0.388623125	0.387535372	0.403777296	0.377134268	0.367034703	0.331737245	0.32552029	0.063701616	0.036451576	0.043715831	0.039737632	0.047608554	0.057363361	0.040633843	0.059346583	0.042677961	0.057884583	6	6	6	6	6	6	6	6	6	6
ZM009-08	B	19/03/2021	lat:tot	NA	0.559965608	0.531710312	NA	NA	NA	NA	NA	0.251705561	NA	NA	NA	NA	NA	NA	NA	NA	NA	NA	NA	0	1	1	0	0	0	0	0	1	0
ZM009-08	B	26/03/2021	lat:tot	0.576374629	0.410990307	0.391132541	0.364077641	0.399459143	0.362410447	0.404342201	0.479030081	0.23474545	0.729367573	0.097965834	0.037410969	0.062326437	0.047930821	0.071785937	0.161818714	0.199836503	0.128467701	0.105882906	0.078880422	6	6	6	6	6	6	5	6	6	6
ZM009-08	B	02/04/2021	lat:tot	0.544169221	0.41061126	0.404047045	0.396502518	0.432657438	0.402850022	0.380685654	0.375146332	0.339641764	0.441727689	0.085366651	0.038386059	0.044809745	0.054193124	0.070529555	0.052123643	0.080046197	0.09011379	0.113853944	0.091383963	6	6	6	6	6	6	6	6	6	6
ZM009-08	B	09/04/2021	lat:tot	0.558360911	0.418498367	0.422211606	0.413723408	0.43526704	0.429981127	0.40353654	0.395657494	0.383423958	0.402699661	0.055732428	0.047648381	0.077457081	0.08254914	0.089398918	0.105725972	0.06940577	0.095828612	0.100678013	0.117933865	6	6	6	6	6	6	6	6	6	6
ZM009-08	B	16/04/2021	lat:tot	0.511115382	0.306438196	0.348139242	0.354411899	0.366348449	0.326285958	0.298214244	0.286812089	0.279543477	0.290063048	0.034881033	0.030505376	0.049957814	0.0542987	0.05349088	0.031424018	0.023271425	0.054444389	0.040859257	0.034506704	6	6	6	6	6	6	6	6	6	6
ZM009-08	B	26/04/2021	lat:tot	0.505726083	0.310611753	0.332484703	0.367963991	0.416822954	0.360201866	0.344710411	0.314610611	0.285644971	0.318402795	0.063970429	0.025953812	0.043786998	0.051869955	0.060778633	0.04927552	0.04430094	0.047726543	0.039463909	0.037127068	6	6	6	6	6	6	6	6	6	6
ZM009-08	C	19/03/2021	lat:tot	0.313627097	NA	NA	0.228343888	0.49354308	0.338330991	0.361286438	NA	0.248490234	NA	NA	NA	NA	NA	NA	NA	NA	NA	NA	NA	1	0	0	1	1	1	1	0	1	0
ZM009-08	C	26/03/2021	lat:tot	0.375545733	0.329310477	0.304905433	0.319606402	0.338839458	0.397336083	0.411656186	0.340596874	0.29796906	0.709366574	0.160247972	0.104069235	0.096932705	0.091465169	0.081248235	0.128898851	0.081530332	0.151433353	0.149445026	0.060805391	4	6	6	6	6	6	4	6	6	6
ZM009-08	C	02/04/2021	lat:tot	0.446146996	0.402821958	0.388556507	0.388604216	0.402485198	0.407846685	0.39160041	0.369078849	0.33994622	0.41770777	0.077153949	0.0559802	0.04978767	0.035806002	0.070801625	0.078919962	0.050517084	0.103318902	0.069664532	0.05769711	6	6	6	6	6	6	6	6	6	6
ZM009-08	C	09/04/2021	lat:tot	0.472036956	0.432079895	0.40512364	0.400753107	0.407070056	0.429178844	0.41706299	0.41248004	0.396377233	0.385315479	0.077869409	0.063808702	0.052995669	0.077064847	0.086532996	0.088742168	0.066204926	0.113088712	0.113970189	0.125768741	6	6	6	6	6	6	6	6	6	6
ZM009-08	C	16/04/2021	lat:tot	0.45486697	0.358118929	0.35690049	0.351327477	0.350688902	0.361488769	0.333255863	0.316119221	0.291552867	0.281176725	0.043446797	0.052507192	0.029760145	0.042707367	0.040929757	0.039120374	0.027197958	0.048955936	0.03908069	0.031164382	6	6	6	6	6	6	6	6	6	6
ZM009-08	C	26/04/2021	lat:tot	0.467199598	0.396299455	0.353709973	0.366981983	0.369854839	0.395645595	0.360454284	0.333104565	0.307278906	0.304148219	0.054575397	0.060116294	0.030263886	0.048024663	0.039914985	0.053672108	0.038957262	0.046190136	0.036378427	0.04004748	6	6	6	6	6	6	6	6	6	6
ZM009-08	D	19/03/2021	lat:tot	NA	0.353333238	0.345014766	0.267639579	NA	NA	NA	NA	0.04932254	NA	NA	0.136702625	0.067912524	NA	NA	NA	NA	NA	NA	NA	0	2	2	1	0	0	0	0	1	0
ZM009-08	D	26/03/2021	lat:tot	0.409873156	0.344080402	0.350282783	0.410393447	0.384058663	0.410393125	0.375229346	0.411263692	0.343480857	0.722366052	0.181155822	0.053103383	0.038878438	0.071559007	0.117381946	0.127542218	0.112047476	0.146338346	0.136984088	0.075792052	6	6	6	6	6	6	6	6	6	6
ZM009-08	D	02/04/2021	lat:tot	0.411371532	0.335400163	0.376438274	0.43314965	0.412847628	0.420554578	0.414786384	0.412540453	0.332408067	0.489175973	0.093695273	0.041862314	0.032606395	0.068403689	0.064156508	0.072217609	0.069449254	0.08750782	0.093257582	0.15874632	6	6	6	6	6	6	6	6	6	6
ZM009-08	D	09/04/2021	lat:tot	0.441316363	0.348712485	0.386976472	0.424829351	0.429334203	0.429276759	0.443318657	0.445920231	0.383813296	0.396554888	0.070398906	0.043294441	0.058175148	0.076295789	0.075100431	0.058024363	0.064987501	0.089900792	0.101035091	0.11464217	6	6	6	6	6	6	6	6	6	6
ZM009-08	D	16/04/2021	lat:tot	0.425810652	0.293149412	0.318089707	0.361800991	0.374127827	0.375001338	0.356366796	0.357453888	0.302077994	0.296819127	0.056083002	0.042956751	0.023278679	0.054852026	0.053976616	0.074445262	0.041118773	0.060381487	0.060041287	0.031594199	6	6	6	6	6	6	6	6	6	6
ZM009-08	D	26/04/2021	lat:tot	0.482684713	0.305470827	0.315962172	0.376975944	0.390331722	0.413266487	0.384401801	0.380421563	0.320074813	0.329287471	0.04052926	0.043250755	0.038311036	0.043243658	0.059306781	0.080108065	0.038981659	0.062949552	0.074179097	0.041329279	6	6	6	6	6	6	6	6	6	6
ZM009-09	A	26/03/2021	lat:tot	0.268099116	0.294232187	0.299772634	0.333512328	0.382726906	0.424312211	0.461789512	0.462738388	0.341314531	0.713690829	0.024143476	0.106447863	0.105250165	0.085655421	0.120513984	0.159289745	0.11978809	0.124182416	0.179919055	0.075842139	6	6	6	6	6	5	5	6	5	6
ZM009-09	A	02/04/2021	lat:tot	0.239777642	0.256012469	0.300325232	0.294191928	0.307583004	0.32053016	0.273418009	0.218309877	0.200613719	0.448781585	0.048301474	0.095956471	0.073658972	0.097263587	0.105320712	0.103661257	0.135730645	0.162270582	0.108885669	0.181015895	6	6	6	6	6	6	6	6	6	6
ZM009-09	A	09/04/2021	lat:tot	0.257101205	0.309050114	0.388678476	0.370151961	0.395414287	0.422777198	0.390431777	0.39828889	0.394819589	0.439381455	0.022147216	0.070789818	0.11919602	0.080857649	0.115459898	0.090993604	0.109330467	0.106873828	0.132689079	0.196480585	6	6	6	6	6	6	6	6	6	6
ZM009-09	A	16/04/2021	lat:tot	0.239568101	0.1838326	0.245457163	0.289771875	0.295452065	0.324822676	0.290847995	0.273074942	0.237684842	0.286459508	0.042817715	0.052080781	0.032093602	0.041169393	0.080962751	0.075453275	0.069729181	0.071582983	0.068865751	0.056382711	6	6	6	6	6	6	6	6	6	6
ZM009-09	A	26/04/2021	lat:tot	0.247604073	0.19119776	0.258077327	0.283886364	0.302256899	0.365844863	0.315818921	0.288315028	0.25475378	0.267469704	0.023987167	0.054440992	0.048444342	0.028610555	0.086899111	0.068689079	0.065128971	0.079565968	0.065990198	0.065420243	6	6	6	6	6	6	6	6	6	6
ZM009-09	B	26/03/2021	lat:tot	0.452207078	0.340173549	0.344833565	0.398947964	0.416778588	0.376740898	0.373651304	0.48945394	0.167175131	0.74807791	0.1720254	0.078026278	0.101515599	0.158135	0.138215393	0.059895142	0.091683534	0.197194934	0.105440004	0.071031313	6	6	6	6	6	6	6	4	6	6
ZM009-09	B	02/04/2021	lat:tot	0.481782881	0.300248491	0.285814685	0.288501516	0.287472849	0.289103893	0.325767616	0.303011766	0.230263024	0.348839474	0.138173111	0.105984854	0.081986927	0.06045044	0.044526121	0.140028585	0.116870346	0.090627009	0.104553248	0.19721819	6	6	6	6	6	6	6	6	6	6
ZM009-09	B	09/04/2021	lat:tot	0.486939671	0.386710735	0.380105615	0.364999889	0.368111675	0.393176004	0.40728916	0.390395483	0.334970555	0.409044987	0.057974463	0.101242791	0.112845748	0.12294257	0.107347894	0.111332707	0.117947455	0.15414877	0.099497824	0.178737288	6	6	6	6	6	6	6	6	6	6
ZM009-09	B	16/04/2021	lat:tot	0.460934851	0.271162683	0.255400565	0.288509408	0.269955302	0.290025411	0.289791353	0.260156343	0.213217638	0.286817411	0.08436767	0.055987484	0.058978176	0.061583103	0.076326048	0.072969462	0.058321233	0.074011805	0.045992197	0.065945849	6	6	6	6	6	6	6	6	6	6
ZM009-09	B	26/04/2021	lat:tot	0.536863023	0.342478136	0.307833915	0.305949975	0.307899178	0.311275453	0.338979303	0.284090177	0.230026178	0.252384184	0.054901455	0.058872558	0.085711313	0.0708869	0.077315491	0.079616538	0.100008152	0.063450232	0.035412843	0.051162426	6	6	6	6	6	6	6	6	6	6
ZM009-09	C	26/03/2021	lat:tot	0.385151935	0.309976497	0.270132064	0.285585506	0.256746998	0.317460845	0.329877367	0.273722818	0.196198036	0.771779489	0.120739468	0.112746965	0.118696709	0.112441818	0.099123298	0.146653748	0.217383634	0.21483041	0.092639692	0.07478942	4	6	6	6	6	6	5	3	5	6
ZM009-09	C	02/04/2021	lat:tot	0.433711988	0.278857066	0.265693398	0.2939429	0.305202324	0.299080086	0.325882696	0.309671701	0.247677735	0.420217095	0.094022279	0.093904033	0.077320662	0.06869434	0.060105385	0.093575855	0.111399492	0.110624309	0.108494673	0.207888328	6	6	6	6	6	6	6	6	6	6
ZM009-09	C	09/04/2021	lat:tot	0.498039664	0.34403449	0.311580854	0.34386233	0.35685731	0.385388361	0.393628542	0.38951534	0.323038655	0.431545275	0.050006969	0.055008345	0.074371126	0.111476713	0.094613563	0.064669006	0.114657569	0.128228023	0.080693976	0.156925128	6	6	6	6	6	6	6	6	6	6
ZM009-09	C	16/04/2021	lat:tot	0.488394555	0.26106949	0.267434721	0.270342825	0.272543988	0.276489162	0.260190596	0.236733782	0.20007336	0.295774357	0.0797519	0.054956964	0.047438785	0.078560706	0.056703758	0.04898959	0.040469079	0.037462874	0.043248349	0.045608303	6	6	6	6	6	6	6	6	6	6
ZM009-09	C	26/04/2021	lat:tot	0.50999631	0.365938806	0.318363184	0.33298875	0.31161365	0.322581971	0.337416293	0.289074729	0.213310252	0.320724318	0.040841953	0.072433685	0.039994723	0.055041778	0.048849706	0.049216405	0.048076901	0.040054279	0.023454454	0.03961853	6	6	6	6	6	6	6	6	6	6
ZM009-09	D	26/03/2021	lat:tot	0.331086183	0.266779628	0.261265142	0.344731074	0.345371651	0.414838036	0.334496936	0.40067821	0.239788361	0.757437004	0.157247674	0.11625164	0.089123276	0.134863093	0.145487485	0.221584612	0.211417679	0.272429482	0.167837816	0.081019847	5	6	6	6	6	6	5	5	6	6
ZM009-09	D	02/04/2021	lat:tot	0.330418888	0.242623	0.272345318	0.301016104	0.287192615	0.333470981	0.265631359	0.318862659	0.240341274	0.527421793	0.159906177	0.117606195	0.07235566	0.077619635	0.099416886	0.073629953	0.116521738	0.183539538	0.133235598	0.220802804	6	6	6	6	6	6	6	6	6	6
ZM009-09	D	09/04/2021	lat:tot	0.460258535	0.327322795	0.3333397	0.376387345	0.38920054	0.400154413	0.380783864	0.40018764	0.335388678	0.408917887	0.078124474	0.116653047	0.114416834	0.104565667	0.099124387	0.098983095	0.138702525	0.113057436	0.085676279	0.164015479	6	6	6	6	6	6	6	6	6	6
ZM009-09	D	16/04/2021	lat:tot	0.369262423	0.206667684	0.234274839	0.288756101	0.301468779	0.337853318	0.293425991	0.293519229	0.216380685	0.241494866	0.113225505	0.093573591	0.050469405	0.027583607	0.053011422	0.074885509	0.061135317	0.058579876	0.054193065	0.026130878	6	6	6	6	6	6	6	6	6	6
ZM009-09	D	26/04/2021	lat:tot	0.446659224	0.270917574	0.233323864	0.267451004	0.320052896	0.363092586	0.322783687	0.319712844	0.236704897	0.274255797	0.106813603	0.112077447	0.058769884	0.05712	0.042806671	0.080463731	0.041061154	0.064500498	0.041527273	0.038726724	6	6	6	6	6	6	6	6	6	6
