plant_id	face	date	type	mean01	mean02	mean03	mean04	mean05	mean06	mean07	mean08	mean09	mean10	sd01	sd02	sd03	sd04	sd05	sd06	sd07	sd08	sd09	sd10	n01	n02	n03	n04	n05	n06	n07	n08	n09	n10
ZM009-01	A	19/03/2021	vert:tot	0.713608863	0.697485321	0.592976967	0.545025557	0.552447659	0.505581219	0.545258324	0.570480521	0.748982747	0.395750466	0.092739244	0.160838337	0.053347085	0.036612803	0.072377658	0.054716002	0.058209636	0.104481234	0.13972447	0.014924418	6	3	3	4	4	3	3	2	3	2
ZM009-01	A	26/03/2021	vert:tot	0.698053508	0.701243343	0.702737362	0.664249091	0.5987632	0.584870334	0.59730583	0.502520042	0.670617331	0.278207462	0.091170447	0.084457343	0.103074033	0.081461717	0.078314427	0.051319353	0.162425246	0.175544668	0.161929992	0.079915562	6	6	6	6	6	5	5	4	6	6
ZM009-01	A	02/04/2021	vert:tot	0.719750778	0.676285471	0.69034206	0.687848786	0.693405524	0.62253495	0.684377638	0.7750605	0.761096711	0.502315145	0.051197862	0.021877665	0.045278729	0.059322475	0.078146356	0.120204043	0.145889128	0.125198244	0.121962605	0.167453441	6	6	6	6	6	6	6	6	6	6
ZM009-01	A	09/04/2021	vert:tot	0.733829934	0.654512426	0.616844072	0.611328819	0.600244668	0.523686315	0.57113649	0.585842585	0.631649466	0.580721863	0.029236111	0.099985351	0.088915665	0.088727275	0.076348549	0.078480767	0.120053737	0.111037233	0.109758753	0.145294486	6	6	6	6	6	6	6	6	5	6
ZM009-01	A	16/04/2021	vert:tot	0.726966811	0.714578084	0.708396068	0.665127643	0.637779875	0.587439655	0.630116613	0.690048726	0.750196991	0.706083637	0.036829772	0.073336149	0.029421879	0.04070417	0.064260949	0.040514403	0.05941716	0.047939971	0.072065728	0.062483261	6	6	6	6	6	6	6	6	6	6
ZM009-01	A	26/04/2021	vert:tot	0.724368708	0.693830922	0.701431656	0.64476872	0.643398727	0.579843246	0.594957801	0.649413232	0.708124157	0.715890257	0.050630342	0.080402884	0.047833572	0.043057019	0.063458501	0.070628364	0.051082246	0.055211424	0.064749345	0.043203041	6	6	6	6	6	6	6	6	6	6
ZM009-01	B	19/03/2021	vert:tot	0.728721531	0.709370701	0.652896647	0.67708566	NA	NA	NA	NA	0.801594292	NA	0.157519054	0.080711824	0.070782453	NA	NA	NA	NA	NA	NA	NA	4	3	5	1	0	0	0	0	1	0
ZM009-01	B	26/03/2021	vert:tot	0.769830459	0.683336156	0.68414069	0.639153582	0.639798538	0.68089418	0.569710315	0.71873891	0.730946359	0.248673173	0.086910285	0.128312163	0.101845431	0.106488457	0.130410594	0.126400736	0.182371046	0.227897944	0.130663805	0.078051947	5	6	6	6	6	6	5	4	6	6
ZM009-01	B	02/04/2021	vert:tot	0.648228109	0.702174871	0.684066539	0.685157547	0.617835633	0.669246623	0.661207709	0.694970026	0.683128502	0.509973516	0.067043126	0.072884208	0.045665562	0.068465878	0.092633355	0.064782972	0.093128733	0.150009054	0.132904306	0.07453601	6	6	6	6	6	6	6	6	6	6
ZM009-01	B	09/04/2021	vert:tot	0.556185618	0.637576581	0.623381901	0.623796335	0.574070023	0.628356979	0.604279796	0.550281352	0.565006565	0.579818704	0.065280623	0.103553334	0.085412403	0.080552427	0.082583528	0.060488059	0.115742015	0.141586286	0.141224234	0.127166091	6	6	6	6	6	6	6	6	6	5
ZM009-01	B	16/04/2021	vert:tot	0.54097068	0.69923627	0.72442349	0.68389234	0.598532285	0.678107701	0.691611401	0.705397435	0.722933224	0.703968044	0.057211815	0.051492814	0.06178065	0.055187867	0.067021516	0.050769272	0.068931728	0.046622946	0.054789674	0.04327028	6	6	6	6	6	6	6	6	6	6
ZM009-01	B	26/04/2021	vert:tot	0.465718974	0.656734202	0.715247018	0.687961335	0.584377107	0.642980487	0.636874801	0.672866652	0.695170541	0.71515588	0.056370592	0.049979427	0.057343748	0.07452638	0.049429308	0.024584222	0.085649887	0.039287679	0.065293968	0.033140136	6	6	6	6	6	6	6	6	6	6
ZM009-01	C	19/03/2021	vert:tot	0.604651208	0.874341006	0.553854505	0.522404786	0.61199629	0.546807303	0.573815876	NA	0.843122854	NA	0.135295439	NA	NA	NA	0.106120935	NA	NA	NA	0.047341434	NA	2	1	1	1	2	1	1	0	3	0
ZM009-01	C	26/03/2021	vert:tot	0.608316735	0.787363943	0.736581935	0.616934532	0.637627272	0.574110208	0.518936317	0.60813424	0.745310026	0.212442699	0.147367241	0.135020257	0.140429798	0.13290572	0.177561736	0.093916744	0.108964853	0.187985979	0.127736381	0.054936015	4	5	6	6	6	6	5	5	5	6
ZM009-01	C	02/04/2021	vert:tot	0.614873984	0.758232651	0.717092847	0.688951247	0.704289734	0.676945944	0.707547359	0.780056608	0.810070416	0.46030218	0.128610686	0.070101001	0.101810903	0.041909381	0.087515179	0.077883901	0.073832591	0.096699576	0.088492401	0.215236481	6	6	6	6	6	6	6	6	6	6
ZM009-01	C	09/04/2021	vert:tot	0.514752559	0.665255243	0.664961285	0.602004807	0.595637486	0.617004264	0.593664099	0.598071614	0.649225574	0.546385687	0.041499529	0.137003763	0.102689693	0.111385107	0.087605086	0.095748809	0.128943301	0.161577278	0.137481141	0.187827023	6	6	6	6	6	6	6	6	5	6
ZM009-01	C	16/04/2021	vert:tot	0.541223282	0.737300888	0.721401331	0.700064888	0.693855093	0.689327344	0.694812379	0.727001741	0.723110584	0.711578705	0.046832824	0.100484011	0.086161195	0.028846869	0.033616761	0.048450591	0.047675578	0.0479517	0.049010638	0.071365327	6	6	6	6	6	6	6	6	6	6
ZM009-01	C	26/04/2021	vert:tot	0.465627138	0.666716916	0.701246114	0.701106366	0.695019317	0.667065984	0.665510354	0.70551598	0.72029997	0.712639176	0.078097782	0.087725293	0.075229568	0.065651737	0.051907676	0.038357184	0.06017831	0.053866575	0.053425826	0.042050522	6	6	6	6	6	6	6	6	6	6
ZM009-01	D	19/03/2021	vert:tot	0.65759737	0.72683148	0.662312769	0.590988646	0.591532762	0.547800888	0.557942401	NA	0.846164518	0.61808868	0.129041193	0.099653819	0.092323203	0.045935194	0.170719173	0.130110416	NA	NA	0.077611151	NA	3	4	5	3	2	2	1	0	4	1
ZM009-01	D	26/03/2021	vert:tot	0.616005098	0.753273679	0.68213373	0.626211093	0.564326824	0.575620881	0.625418125	0.596426488	0.764496986	0.270484516	0.102203105	0.105603614	0.098743652	0.099623649	0.12385693	0.148134094	0.160935608	0.184320987	0.063312135	0.07909388	6	6	6	6	6	6	6	5	6	6
ZM009-01	D	02/04/2021	vert:tot	0.624079328	0.729792432	0.71711925	0.666920595	0.682663058	0.707088465	0.665086084	0.677849154	0.697452899	0.526239989	0.104874033	0.070997866	0.065059986	0.053936952	0.092066192	0.082118563	0.10274385	0.083006929	0.119241769	0.115601402	6	6	6	6	6	6	6	6	6	6
ZM009-01	D	09/04/2021	vert:tot	0.549131648	0.656318521	0.658312623	0.593622155	0.580550784	0.578835667	0.57566761	0.563875888	0.564181528	0.510687782	0.09324946	0.118656404	0.077328754	0.064415776	0.063375876	0.068245342	0.075041031	0.111211679	0.140537563	0.178857703	6	6	6	6	6	6	6	6	6	6
ZM009-01	D	16/04/2021	vert:tot	0.574384879	0.758955013	0.74762271	0.670727437	0.657667471	0.677405021	0.654519231	0.686577276	0.70890268	0.714390226	0.068924231	0.037587586	0.044493338	0.058998919	0.050818701	0.042754219	0.043286584	0.054413313	0.055449952	0.07780866	6	6	6	6	6	6	6	6	6	6
ZM009-01	D	26/04/2021	vert:tot	0.517411048	0.738335678	0.749453048	0.666872904	0.65391923	0.666621414	0.634022297	0.654229025	0.695241448	0.704730705	0.04085322	0.04750367	0.045325293	0.074802397	0.035080373	0.06464948	0.053609901	0.075123278	0.04627034	0.045786818	6	6	6	6	6	6	6	6	6	6
ZM009-02	A	19/03/2021	vert:tot	0.718098913	0.689821786	0.608310916	0.62876437	0.59260292	0.55339469	0.511470075	0.538189773	0.685139663	0.513747916	0.088942358	0.100027572	0.138803379	0.09772019	0.08814517	0.013740395	NA	NA	0.330242704	0.08389999	6	6	3	3	3	2	1	1	2	2
ZM009-02	A	26/03/2021	vert:tot	0.679681046	0.70458179	0.691402751	0.581288165	0.527565331	0.577727718	0.538489829	0.398032708	0.682674985	0.213961239	0.047919714	0.101195717	0.078489322	0.078985514	0.027652919	0.108208996	0.065187125	0.065773736	0.181820215	0.103071268	6	6	6	6	6	6	6	6	6	6
ZM009-02	A	02/04/2021	vert:tot	0.790278623	0.77303704	0.730996915	0.704213359	0.682423918	0.673424152	0.707663741	0.691000638	0.764727628	0.54982555	0.017110054	0.072535812	0.090416232	0.070985682	0.089908195	0.11290075	0.082890011	0.079039032	0.099081858	0.1208935	6	6	6	6	6	6	6	6	5	5
ZM009-02	A	09/04/2021	vert:tot	0.765796111	0.743463986	0.707609364	0.640012798	0.635854336	0.60213183	0.605429452	0.654337637	0.685085793	0.662233365	0.047035762	0.093082079	0.078180679	0.080063613	0.081807678	0.102361603	0.097098601	0.132212009	0.138192883	0.110555158	6	6	6	6	6	6	6	6	6	6
ZM009-02	A	16/04/2021	vert:tot	0.790269596	0.768824092	0.74473483	0.671029491	0.668082644	0.654512055	0.657000691	0.685958463	0.703367524	0.713424708	0.015951328	0.058164264	0.073841623	0.03286871	0.039248947	0.038973456	0.055444364	0.063520918	0.065406661	0.050667455	6	6	6	6	6	6	6	6	6	6
ZM009-02	A	26/04/2021	vert:tot	0.776584023	0.765555312	0.724681019	0.659832813	0.662142875	0.670747484	0.667389797	0.692129563	0.70411524	0.709592378	0.031787493	0.052208806	0.069497454	0.026312577	0.034563924	0.03354802	0.030026707	0.059068186	0.046144951	0.035927294	6	6	6	6	6	6	6	6	6	6
ZM009-02	B	19/03/2021	vert:tot	0.61377	0.714031858	0.648196556	0.810590671	NA	NA	NA	NA	0.749228735	NA	0.14022258	0.100385949	0.055199365	NA	NA	NA	NA	NA	NA	NA	3	4	4	1	0	0	0	0	1	0
ZM009-02	B	26/03/2021	vert:tot	0.652398818	0.644133485	0.600876637	0.539497305	0.528300112	0.62255936	0.550191979	0.534713471	0.809747477	0.173776558	0.080454817	0.099890094	0.048268769	0.075726785	0.081567763	0.107327327	0.160143784	0.278133854	0.054724009	0.061906059	6	6	6	6	6	4	6	3	6	6
ZM009-02	B	02/04/2021	vert:tot	0.704574103	0.781663068	0.718445309	0.708705077	0.681293246	0.684132668	0.707259728	0.634469888	0.730146702	0.548174421	0.058664553	0.055408258	0.043568278	0.089739464	0.103873894	0.150938304	0.124542235	0.135472395	0.112612669	0.129870176	6	6	6	6	6	6	6	6	6	6
ZM009-02	B	09/04/2021	vert:tot	0.641246684	0.744044624	0.704143344	0.674819885	0.640838291	0.618204996	0.625404067	0.597096725	0.629935155	0.567920453	0.065269006	0.064067323	0.088672019	0.084973647	0.104918632	0.092153671	0.095453769	0.080524494	0.070933098	0.10645883	6	6	6	6	6	6	6	6	6	6
ZM009-02	B	16/04/2021	vert:tot	0.680063358	0.76594846	0.730552717	0.701647266	0.681835552	0.675032521	0.680408266	0.682075585	0.712820441	0.682057243	0.047711644	0.055190265	0.034325888	0.025933788	0.04853883	0.054513755	0.062706391	0.062007433	0.058573298	0.067946598	6	6	6	6	6	6	6	6	6	6
ZM009-02	B	26/04/2021	vert:tot	0.618496768	0.754906811	0.732099045	0.70619433	0.68416053	0.672733343	0.695373681	0.684827746	0.719664421	0.69523741	0.017498234	0.059480179	0.023574517	0.006665357	0.045814152	0.045760033	0.054269356	0.055051368	0.042660865	0.032004446	6	6	6	6	6	6	6	6	6	6
ZM009-02	C	19/03/2021	vert:tot	0.697217242	0.83394492	0.73700039	0.734277661	0.720448279	NA	NA	NA	0.899703972	NA	0.201025507	NA	NA	NA	NA	NA	NA	NA	0.027632697	NA	2	1	1	1	1	0	0	0	2	0
ZM009-02	C	26/03/2021	vert:tot	0.700882755	0.76920316	0.769176465	0.672364989	0.65243622	0.654801511	0.517421691	0.636312237	0.688526453	0.208968728	0.149697685	0.118633438	0.085340503	0.140732395	0.095789837	0.112887922	0.079317043	0.029344177	0.200967039	0.078380127	3	6	6	6	6	5	4	4	6	6
ZM009-02	C	02/04/2021	vert:tot	0.711441757	0.796246087	0.795807733	0.762985947	0.735949214	0.742590159	0.669524773	0.702131948	0.72419386	0.48739715	0.061815683	0.027505621	0.040185954	0.059868882	0.080739814	0.118423171	0.102277787	0.094366357	0.145848824	0.130262802	6	6	6	6	6	6	6	6	6	6
ZM009-02	C	09/04/2021	vert:tot	0.643762139	0.756430125	0.760712664	0.717897907	0.709188388	0.663405958	0.607688222	0.62077523	0.623409586	0.551815849	0.05508869	0.06514602	0.06263067	0.068145487	0.053320517	0.033801456	0.045227446	0.085938095	0.097977788	0.094941901	6	6	6	6	6	6	6	6	6	6
ZM009-02	C	16/04/2021	vert:tot	0.664210356	0.789947327	0.773835553	0.751650275	0.733636337	0.704868777	0.656086622	0.66954262	0.689227044	0.674252891	0.067710383	0.026535838	0.0418647	0.060259371	0.038454842	0.044467773	0.055084888	0.042751003	0.029451577	0.049007782	6	6	6	6	6	6	6	6	6	6
ZM009-02	C	26/04/2021	vert:tot	0.526910978	0.778198624	0.769709	0.739821135	0.726206398	0.70979541	0.666379404	0.695323994	0.690753561	0.669537511	0.041139368	0.03453604	0.027730596	0.055026105	0.034542618	0.0336837	0.038542656	0.03360202	0.024059733	0.044951242	6	6	6	6	6	6	6	6	6	6
ZM009-02	D	19/03/2021	vert:tot	0.60182384	0.687318432	0.68920166	0.768852719	NA	NA	NA	NA	0.666656657	0.486130642	0.09509539	0.126749404	0.144339398	0.036761087	NA	NA	NA	NA	NA	0.052101319	4	5	4	3	0	0	0	0	1	2
ZM009-02	D	26/03/2021	vert:tot	0.588707277	0.696766656	0.699198262	0.640555639	0.575935171	0.467953119	0.497656238	0.478154538	0.717979507	0.215858391	0.148065538	0.075298742	0.11024392	0.11281945	0.10186361	0.077691463	0.070618489	0.048565991	0.148325612	0.053284553	6	6	6	6	6	6	4	3	6	6
ZM009-02	D	02/04/2021	vert:tot	0.620968362	0.776358625	0.795299167	0.749613628	0.684686831	0.73046387	0.746647184	0.745160967	0.75643123	0.51241871	0.126427545	0.057711713	0.057398375	0.065534683	0.094862396	0.059043411	0.06499595	0.098318895	0.131646507	0.30377137	6	6	6	6	6	6	6	6	6	6
ZM009-02	D	09/04/2021	vert:tot	0.572849764	0.739159189	0.74833875	0.689882484	0.652952088	0.639213419	0.657235367	0.673029788	0.691830563	0.664258776	0.091574413	0.067963351	0.052479845	0.034965145	0.074756584	0.057758819	0.071311451	0.078544643	0.018221943	0.084675307	6	6	6	6	6	6	6	6	6	6
ZM009-02	D	16/04/2021	vert:tot	0.546058464	0.759852692	0.774585315	0.721216356	0.700786197	0.672889766	0.678755098	0.712006043	0.721085086	0.724030524	0.100558878	0.043961458	0.026848075	0.036947893	0.059053125	0.032728075	0.044652031	0.035436391	0.040645007	0.034315338	6	6	6	6	6	6	6	6	6	6
ZM009-02	D	26/04/2021	vert:tot	0.531868067	0.76152194	0.76596214	0.708454597	0.690284024	0.689606923	0.685050737	0.708567918	0.719198266	0.720416123	0.076427692	0.045003406	0.028870236	0.035566902	0.049763103	0.028171906	0.023609255	0.032946394	0.030650087	0.04175887	6	6	6	6	6	6	6	6	6	6
ZM009-03	A	19/03/2021	vert:tot	0.786243914	0.651608525	0.666185759	0.637764147	0.536820167	0.583471743	NA	NA	0.803863395	0.64201069	0.037653571	0.085090538	0.132782877	0.099192701	0.046740216	NA	NA	NA	0.057371315	NA	5	5	5	4	3	1	0	0	2	1
ZM009-03	A	26/03/2021	vert:tot	0.615836174	0.590125421	0.64965765	0.645425903	0.599711499	0.614439197	0.548438483	0.520930362	0.622041591	0.217566527	0.09114653	0.059730702	0.050951118	0.075316526	0.048339789	0.095717486	0.13589014	0.140252753	0.145763749	0.090427918	6	6	6	6	6	5	6	6	6	6
ZM009-03	A	02/04/2021	vert:tot	0.689022823	0.671144238	0.672320785	0.672470776	0.64083542	0.641339181	0.613410082	0.65604245	0.734106566	0.501358888	0.074179359	0.042967961	0.079436026	0.075483543	0.08163052	0.100594738	0.119509174	0.109816627	0.158150914	0.086967958	6	6	6	6	6	6	6	6	6	6
ZM009-03	A	09/04/2021	vert:tot	0.704883988	0.692665309	0.671712555	0.667008488	0.621583312	0.591173303	0.581085558	0.60740037	0.610397511	0.582756474	0.113719073	0.075114468	0.054862454	0.082891449	0.091018951	0.059033305	0.070689839	0.115687081	0.112098946	0.147202012	6	6	6	6	6	6	6	6	6	6
ZM009-03	A	16/04/2021	vert:tot	0.719480922	0.742512616	0.721491165	0.718930696	0.670503886	0.664511739	0.641934783	0.677511938	0.668225202	0.681537324	0.103082127	0.049774914	0.046921623	0.069798159	0.054481582	0.035513547	0.03023765	0.03411199	0.026755255	0.0612159	6	6	6	6	6	6	6	6	6	6
ZM009-03	A	26/04/2021	vert:tot	0.690984784	0.752931552	0.719927789	0.726152123	0.696198973	0.675374871	0.658178492	0.695900325	0.68694034	0.705823727	0.110834787	0.037982437	0.032788662	0.071874038	0.062586195	0.047224714	0.029630306	0.036244437	0.036472491	0.056898966	6	6	6	6	6	6	6	6	6	6
ZM009-03	B	19/03/2021	vert:tot	0.701731817	0.562738405	0.714222772	0.611406788	NA	NA	NA	NA	0.804711737	NA	0.149899648	0.22344944	0.084911321	NA	NA	NA	NA	NA	NA	NA	2	4	3	1	0	0	0	0	1	0
ZM009-03	B	26/03/2021	vert:tot	0.541795135	0.575644156	0.56812162	0.611770665	0.57960006	0.656311718	0.562003367	0.453660241	0.708611768	0.187516837	0.133167919	0.095072311	0.109904632	0.060548679	0.086634566	0.1130823	0.08831559	0.114053283	0.19991789	0.095391879	6	6	6	6	6	6	6	4	4	6
ZM009-03	B	02/04/2021	vert:tot	0.559515469	0.658975217	0.665634714	0.655322743	0.573644289	0.641241949	0.630269523	0.603167453	0.700263193	0.443473466	0.107079575	0.059634211	0.068593174	0.107034038	0.074036397	0.111761971	0.101833807	0.096594236	0.105503974	0.176543936	6	6	6	6	6	6	6	6	6	5
ZM009-03	B	09/04/2021	vert:tot	0.51425024	0.660292129	0.652332301	0.61388605	0.586382831	0.600234782	0.601930327	0.609404462	0.59227863	0.593589823	0.092072598	0.060332845	0.089832498	0.075884827	0.052045991	0.034645626	0.054721088	0.10735362	0.1068296	0.141662443	6	6	6	6	6	6	6	6	6	6
ZM009-03	B	16/04/2021	vert:tot	0.548444997	0.689255201	0.693400109	0.664415017	0.633716526	0.661725819	0.662499653	0.696540217	0.675495333	0.677756336	0.079820884	0.057573636	0.077084052	0.046758925	0.048964398	0.028923818	0.043248506	0.020409327	0.029440743	0.048104636	6	6	6	6	6	6	6	6	6	6
ZM009-03	B	26/04/2021	vert:tot	0.489736654	0.701757411	0.703264399	0.678156879	0.647091322	0.661490391	0.68215214	0.700900596	0.683443166	0.710276959	0.081454353	0.051589136	0.07542462	0.029649172	0.047050211	0.037737548	0.050242569	0.01490774	0.038885307	0.039255428	6	6	6	6	6	6	6	6	6	6
ZM009-03	C	19/03/2021	vert:tot	0.756095848	0.694123243	0.665184948	0.447702291	0.397321898	NA	NA	NA	NA	0.660513443	0.125443953	0.161176865	0.247033258	NA	NA	NA	NA	NA	NA	NA	3	2	2	1	1	0	0	0	0	1
ZM009-03	C	26/03/2021	vert:tot	0.587415531	0.664088211	0.66706547	0.598232664	0.565895174	0.56035002	0.609037869	0.549301976	0.717664819	0.233314346	0.141669127	0.079256542	0.105398673	0.083979648	0.055275965	0.058651471	0.093876599	0.213315706	0.146529757	0.083528728	6	6	6	6	5	5	5	4	6	6
ZM009-03	C	02/04/2021	vert:tot	0.654419915	0.651354233	0.66500685	0.592511598	0.588657996	0.594109805	0.637514141	0.642195671	0.801765504	0.590651034	0.095307968	0.058526613	0.025868913	0.050672675	0.035850493	0.069606004	0.078516234	0.102047648	0.088316466	0.120500988	6	6	6	6	6	6	6	6	6	6
ZM009-03	C	09/04/2021	vert:tot	0.600396077	0.669243175	0.66467295	0.638738076	0.590108997	0.588137736	0.599447061	0.574421375	0.578315119	0.507264467	0.125150239	0.065246504	0.060019954	0.070828544	0.051013356	0.0861678	0.059058886	0.081612593	0.083429227	0.093206747	6	6	6	6	6	6	6	6	6	6
ZM009-03	C	16/04/2021	vert:tot	0.671837665	0.696980813	0.70886117	0.671363612	0.627617403	0.633645784	0.66999418	0.654644767	0.664311086	0.650619717	0.093747348	0.090790897	0.029486997	0.057781713	0.042834236	0.071698318	0.071513538	0.044839034	0.058075558	0.042114631	6	6	6	6	6	6	6	6	6	6
ZM009-03	C	26/04/2021	vert:tot	0.602084813	0.6930303	0.720273804	0.699466986	0.649195738	0.655907665	0.676506791	0.665537832	0.684140067	0.673044841	0.103216662	0.11721975	0.048722353	0.035669091	0.047629886	0.060899192	0.060273736	0.032363955	0.057424343	0.047025452	6	6	6	6	6	6	6	6	6	6
ZM009-03	D	19/03/2021	vert:tot	NA	0.460766367	NA	0.582796361	0.447585728	NA	NA	NA	0.765084906	NA	NA	NA	NA	NA	NA	NA	NA	NA	NA	NA	0	1	0	1	1	0	0	0	1	0
ZM009-03	D	26/03/2021	vert:tot	0.642649747	0.645633122	0.626530031	0.617254885	0.546819892	0.566343221	0.547845172	0.428504982	0.679381915	0.225022576	0.099316692	0.077376795	0.150573791	0.143952719	0.062798983	0.153096483	0.151288582	0.060840138	0.142163275	0.071924874	6	6	6	6	6	6	6	4	5	6
ZM009-03	D	02/04/2021	vert:tot	0.596948752	0.682323233	0.654915575	0.620439152	0.612634717	0.604839513	0.645308438	0.608413357	0.66665542	0.621438348	0.062305542	0.087446136	0.074913287	0.055128411	0.109137914	0.045108482	0.084389392	0.149622447	0.158184303	0.122742753	6	6	6	6	6	6	6	6	6	6
ZM009-03	D	09/04/2021	vert:tot	0.568167474	0.672387636	0.657338142	0.633663463	0.628547587	0.613978993	0.613815779	0.589229129	0.585854769	0.555509174	0.06356779	0.082885683	0.07080735	0.087295059	0.101164518	0.073926283	0.098549218	0.103835777	0.092072567	0.11837791	6	6	6	6	6	6	6	6	6	6
ZM009-03	D	16/04/2021	vert:tot	0.579717585	0.713059939	0.708163651	0.674873955	0.663369437	0.655385399	0.668585595	0.658584312	0.644716568	0.675076805	0.084391257	0.05114549	0.051014294	0.045297175	0.076886385	0.054799133	0.044626455	0.040481134	0.07488469	0.039789821	6	6	6	6	6	6	6	6	6	6
ZM009-03	D	26/04/2021	vert:tot	0.569455059	0.716509404	0.722619933	0.683102125	0.669273328	0.665178056	0.68047198	0.672084377	0.677025651	0.701560982	0.069032322	0.061088961	0.051070632	0.046932836	0.076062906	0.058596771	0.043009804	0.031644873	0.060797385	0.042752709	6	6	6	6	6	6	6	6	6	6
ZM009-04	A	19/03/2021	vert:tot	0.589312555	0.548571187	0.62254097	0.600931642	0.595540184	0.590099453	0.562991995	0.508157747	0.791351276	0.609063496	0.088601974	0.099297973	0.106535052	0.019258892	0.011596046	0.077044281	0.040367063	NA	0.076983015	0.003552	6	5	6	2	3	3	2	1	2	2
ZM009-04	A	26/03/2021	vert:tot	0.606457125	0.599321028	0.596031045	0.555528457	0.561717748	0.585982219	0.578153978	0.556241202	0.666196989	0.254487085	0.090923085	0.110990053	0.121754706	0.043672799	0.14838847	0.101436762	0.172409599	0.072880012	0.115261208	0.08289482	6	6	6	6	6	6	6	4	6	6
ZM009-04	A	02/04/2021	vert:tot	0.596487108	0.560722075	0.580614589	0.558912243	0.604255488	0.64225103	0.664966418	0.616724889	0.741723596	0.336758823	0.090654865	0.07564057	0.079445007	0.049475209	0.076420955	0.111801129	0.127687283	0.152558264	0.230049057	0.133302474	6	6	6	6	6	6	6	5	5	6
ZM009-04	A	09/04/2021	vert:tot	0.616820872	0.51197651	0.526359284	0.506584063	0.542162188	0.556743764	0.559584124	0.510932931	0.623943801	0.443169181	0.085319113	0.057967026	0.064223807	0.023729395	0.069759824	0.066724044	0.071409267	0.084479804	0.068886624	0.184095523	6	6	6	6	6	6	6	6	6	6
ZM009-04	A	16/04/2021	vert:tot	0.654689791	0.600510143	0.576615669	0.539230527	0.583270963	0.617456099	0.606586908	0.594421857	0.677316141	0.443758603	0.093753188	0.075768589	0.100762238	0.054071256	0.083403325	0.063649181	0.063370115	0.110984963	0.044262673	0.096732417	6	6	6	6	6	6	6	6	6	6
ZM009-04	A	26/04/2021	vert:tot	0.674894932	0.617466744	0.583629394	0.561536926	0.602327138	0.629864943	0.633644765	0.610452824	0.637467184	0.598671108	0.08048924	0.081689507	0.09365283	0.084632923	0.101459795	0.066359441	0.059397522	0.060969426	0.057119164	0.086051686	6	6	6	6	6	6	6	6	6	6
ZM009-04	B	19/03/2021	vert:tot	0.686838908	0.607437399	0.605658076	0.683808289	0.677728549	NA	NA	NA	NA	NA	0.187677359	0.101722155	0.021135972	0.179348023	NA	NA	NA	NA	NA	NA	3	5	3	3	1	0	0	0	0	0
ZM009-04	B	26/03/2021	vert:tot	0.52891644	0.540295019	0.469953392	0.527920164	0.540019417	0.559639325	0.492499869	0.50817115	0.721512541	0.295279245	0.195614776	0.131903361	0.083784748	0.082033894	0.15516043	0.084822833	0.114399272	0.151916175	0.140801955	0.070775715	5	6	6	6	6	6	6	6	6	6
ZM009-04	B	02/04/2021	vert:tot	0.452359708	0.521129946	0.526763382	0.517251407	0.569351897	0.630571406	0.626607769	0.579991492	0.677043209	0.3788353	0.170516114	0.112678656	0.130286737	0.071468562	0.081986619	0.098070479	0.088703751	0.112682122	0.129832466	0.175331218	6	6	6	6	6	6	6	6	6	6
ZM009-04	B	09/04/2021	vert:tot	0.481273391	0.467054956	0.482272857	0.465817657	0.485204564	0.531509987	0.496788418	0.514393069	0.50231707	0.399091841	0.111669111	0.082804182	0.119745224	0.03828815	0.043113471	0.048671135	0.05520541	0.067687877	0.068887421	0.138387641	6	6	6	6	6	6	6	6	6	6
ZM009-04	B	16/04/2021	vert:tot	0.508586657	0.536346981	0.542285449	0.515907595	0.546725867	0.617359565	0.552285492	0.623215682	0.563233456	0.428409573	0.116427356	0.098777306	0.098960056	0.053320946	0.038011509	0.070157369	0.069408327	0.039856806	0.035077751	0.081326287	6	6	6	6	6	6	6	6	6	6
ZM009-04	B	26/04/2021	vert:tot	0.493076087	0.574564958	0.568133115	0.546589606	0.573419921	0.620117481	0.554723287	0.623760317	0.588870444	0.56344963	0.107288997	0.053191101	0.101703245	0.031012039	0.042911841	0.032118621	0.073810539	0.05212231	0.03642546	0.098314778	6	6	6	6	6	6	6	6	6	6
ZM009-04	C	19/03/2021	vert:tot	0.786279526	0.664843028	NA	NA	0.426325606	0.578359881	0.58860795	NA	0.90106558	0.709897119	0.088794107	NA	NA	NA	NA	NA	NA	NA	NA	NA	3	1	0	0	1	1	1	0	1	1
ZM009-04	C	26/03/2021	vert:tot	0.566522225	0.666199648	0.6168035	0.582969868	0.604041554	0.605735865	0.606136387	0.546278386	0.757330933	0.239352757	0.271956593	0.172598777	0.130248266	0.085253736	0.143856497	0.047355458	0.212217582	0.051200547	0.145763932	0.089295629	5	6	6	6	5	6	4	4	6	6
ZM009-04	C	02/04/2021	vert:tot	0.628703264	0.611400204	0.618086624	0.59054005	0.643774399	0.587807229	0.646269261	0.64640119	0.713265297	0.349595177	0.073040425	0.124165854	0.121335158	0.063893652	0.156129917	0.047689439	0.148050229	0.16306277	0.162973631	0.17814357	6	6	6	6	6	6	6	6	6	6
ZM009-04	C	09/04/2021	vert:tot	0.532523007	0.53922269	0.529927936	0.501101362	0.53152727	0.530938869	0.5372276	0.484027563	0.535633719	0.411468467	0.028210314	0.075003771	0.073884548	0.059546082	0.09752532	0.030156666	0.034655168	0.075410327	0.137394914	0.105217197	6	6	6	6	6	6	6	6	6	6
ZM009-04	C	16/04/2021	vert:tot	0.528217439	0.620764188	0.607351819	0.551241038	0.559477699	0.573370653	0.623452149	0.574983403	0.633909038	0.459473401	0.047986799	0.075241773	0.088340051	0.089547312	0.158675894	0.040795791	0.06323517	0.077218434	0.126181291	0.091061618	6	6	6	6	6	6	6	6	6	6
ZM009-04	C	26/04/2021	vert:tot	0.522714154	0.641839004	0.617132824	0.564167284	0.561308561	0.570993052	0.608966019	0.56847051	0.570030639	0.535959538	0.043559184	0.042952122	0.074053714	0.080828277	0.156051331	0.045000585	0.047477624	0.060146639	0.12302035	0.057014778	6	6	6	6	6	6	6	6	6	6
ZM009-04	D	19/03/2021	vert:tot	0.568661118	0.609337408	0.621957841	0.581016739	0.620574321	0.4675514	NA	NA	0.886924345	NA	0.10435258	0.111658684	0.057376153	0.136329767	0.230751403	NA	NA	NA	0.008931261	NA	4	6	5	2	2	1	0	0	2	0
ZM009-04	D	26/03/2021	vert:tot	0.631517192	0.610714816	0.562839325	0.495395572	0.520013178	0.59442832	0.57624102	0.506891683	0.71677584	0.232744793	0.154155133	0.106818437	0.123218323	0.047823905	0.034804802	0.16210901	0.201518564	0.190904471	0.119036324	0.091277955	5	6	6	6	6	6	4	5	6	6
ZM009-04	D	02/04/2021	vert:tot	0.533831269	0.575255823	0.535961014	0.5364328	0.561311362	0.561735153	0.637990151	0.564392138	0.74822549	0.410674575	0.124897306	0.078235106	0.091848408	0.047674948	0.062252505	0.111463469	0.166199877	0.08249529	0.17999319	0.124680278	6	6	6	6	6	6	6	5	6	6
ZM009-04	D	09/04/2021	vert:tot	0.503256025	0.538505377	0.501086159	0.492123954	0.514104732	0.510019209	0.533077202	0.490827918	0.569407773	0.458993959	0.081045751	0.089782593	0.096102616	0.06455385	0.082890959	0.061663326	0.076762432	0.107241148	0.14441631	0.11699246	6	6	6	6	6	6	6	6	6	6
ZM009-04	D	16/04/2021	vert:tot	0.558363174	0.617563627	0.563761351	0.550607373	0.550165438	0.582868845	0.598468532	0.579048167	0.635088115	0.47561432	0.091359933	0.100119562	0.103288609	0.047267543	0.099438218	0.085239699	0.067079856	0.07130502	0.134006164	0.077307877	6	6	6	6	6	6	6	6	6	6
ZM009-04	D	26/04/2021	vert:tot	0.562232304	0.646656963	0.584567605	0.560903635	0.589541349	0.578667968	0.590275442	0.57904385	0.598892661	0.582526035	0.088318432	0.112075611	0.113615549	0.054894242	0.0824272	0.064050014	0.069713693	0.102730258	0.071630391	0.060875613	6	6	6	6	6	6	6	6	6	6
ZM009-05	A	19/03/2021	vert:tot	0.668610955	0.600740665	0.604340613	0.555621005	0.527802124	0.572806234	0.504758242	0.665080855	0.697784499	0.491959105	0.039646377	0.142048747	0.07434257	0.095768172	0.046774643	0.098391397	0.095464588	0.23451004	0.206300063	NA	6	6	4	3	4	4	2	2	3	1
ZM009-05	A	26/03/2021	vert:tot	0.680935105	0.658672951	0.657149559	0.583872124	0.58595813	0.554743455	0.617999536	0.586459944	0.643454031	0.274161732	0.072400712	0.099290603	0.083210738	0.054265575	0.07571399	0.046367831	0.14442955	0.153721708	0.155101651	0.080137986	6	6	6	6	6	6	6	6	6	6
ZM009-05	A	02/04/2021	vert:tot	0.717856359	0.691169924	0.631451346	0.630220163	0.5942976	0.612466289	0.686416745	0.694049736	0.701774689	0.604893877	0.022558881	0.028388591	0.063112124	0.083745655	0.084898484	0.062351538	0.114169134	0.100244017	0.079301767	0.106466265	6	6	6	6	6	6	6	6	6	6
ZM009-05	A	09/04/2021	vert:tot	0.726123842	0.726038698	0.635343046	0.587780539	0.56213813	0.567743084	0.602778606	0.608769205	0.634550134	0.623956222	0.042247535	0.053840852	0.083192383	0.078441371	0.099949618	0.089057061	0.052835254	0.082164319	0.134235459	0.109316022	6	6	6	6	6	6	6	6	6	6
ZM009-05	A	16/04/2021	vert:tot	0.709964997	0.749272686	0.703976734	0.699808219	0.678028881	0.657538426	0.701697355	0.719499206	0.762763001	0.759139058	0.041015016	0.035650122	0.028272602	0.083591404	0.064061747	0.031969181	0.046530725	0.036224443	0.024608913	0.018351839	6	6	6	6	6	6	6	6	6	6
ZM009-05	A	26/04/2021	vert:tot	0.69215219	0.72391534	0.711913125	0.684919021	0.667857741	0.641431876	0.6948586	0.697491398	0.74934615	0.723503058	0.045304256	0.047041374	0.040486346	0.070147209	0.082502809	0.039281678	0.08868827	0.030999175	0.04918053	0.011727784	6	6	6	6	6	6	6	6	6	6
ZM009-05	B	19/03/2021	vert:tot	0.784622947	0.633021451	0.614132594	0.568345395	0.624064596	0.565814407	0.541276127	NA	0.911143145	NA	0.194956253	0.103603861	0.072799239	0.04892008	0.161539141	NA	NA	NA	NA	NA	2	6	5	5	2	1	1	0	1	0
ZM009-05	B	26/03/2021	vert:tot	0.578314938	0.65544645	0.672376966	0.597678356	0.612854237	0.654137413	0.604862903	0.5744919	0.681516103	0.252917196	0.120138706	0.080541742	0.081389442	0.068405739	0.077417512	0.161087185	0.119533909	0.135147325	0.210870884	0.06273567	6	6	6	6	6	6	6	5	6	6
ZM009-05	B	02/04/2021	vert:tot	0.588316077	0.734368602	0.719466605	0.699834828	0.643426733	0.639521343	0.666882788	0.652727197	0.738617308	0.638969186	0.032120867	0.052860238	0.027926674	0.063806963	0.068413869	0.07438737	0.10387424	0.095638945	0.082516863	0.088608736	6	6	6	6	6	6	6	6	6	6
ZM009-05	B	09/04/2021	vert:tot	0.517009908	0.695883859	0.671048709	0.63411789	0.610814565	0.614224517	0.612529133	0.612656208	0.624251231	0.629929132	0.035349861	0.020644683	0.056766375	0.070951567	0.071403997	0.105494758	0.093641722	0.085497951	0.104561335	0.134044093	6	6	6	6	6	6	6	6	6	6
ZM009-05	B	16/04/2021	vert:tot	0.529512081	0.753265566	0.758552246	0.73904338	0.713923247	0.723307659	0.710057947	0.716037258	0.75859878	0.754436773	0.051627299	0.033919678	0.02792937	0.049300114	0.042475286	0.038256444	0.030581569	0.042014071	0.033436354	0.046973813	6	6	6	6	6	6	6	6	6	6
ZM009-05	B	26/04/2021	vert:tot	0.48710451	0.701740424	0.750127134	0.730583873	0.709480047	0.7057484	0.681800979	0.689342176	0.735141959	0.729241094	0.04841699	0.085259129	0.048045715	0.057064048	0.043273162	0.05517218	0.032295884	0.057554962	0.040604642	0.050213029	6	6	6	6	6	6	6	6	6	6
ZM009-05	C	19/03/2021	vert:tot	0.647791907	0.711463367	0.671261913	0.651666344	0.605224199	0.526689734	0.529062929	0.518750419	0.751484473	0.637492529	0.258694721	NA	0.009517053	0.205170624	0.116619042	NA	NA	NA	0.21364873	NA	4	1	2	3	2	1	1	1	2	1
ZM009-05	C	26/03/2021	vert:tot	0.551327501	0.763655706	0.738506694	0.734555409	0.65963726	0.579138873	0.652931214	0.614991078	0.72496351	0.221396069	0.203502485	0.110578085	0.09882443	0.102414575	0.084737904	0.126611899	0.122799114	0.176722221	0.145388083	0.069639021	6	6	6	6	6	6	6	5	6	6
ZM009-05	C	02/04/2021	vert:tot	0.532374902	0.67800105	0.699978411	0.693559575	0.694098338	0.670853057	0.660212237	0.709577926	0.724764394	0.61993736	0.160228723	0.075755117	0.040650388	0.074882009	0.06473442	0.063381386	0.075843648	0.080872827	0.061356123	0.102845992	6	6	6	6	6	6	6	6	6	6
ZM009-05	C	09/04/2021	vert:tot	0.48653073	0.627008535	0.643638072	0.642443173	0.640400105	0.617013128	0.600322788	0.635652034	0.633081584	0.626530266	0.0565727	0.063666751	0.060563982	0.06546429	0.057769315	0.056696268	0.074601179	0.069974181	0.115046365	0.141203444	6	6	6	6	6	6	6	6	6	6
ZM009-05	C	16/04/2021	vert:tot	0.506578568	0.691684733	0.712381208	0.705561031	0.714191575	0.688464149	0.695684491	0.72321728	0.76412342	0.7641088	0.080216484	0.075141881	0.025452401	0.047278626	0.025020475	0.029801953	0.030542712	0.032742663	0.029742678	0.038820833	6	6	6	6	6	6	6	6	6	6
ZM009-05	C	26/04/2021	vert:tot	0.517911398	0.607847544	0.687173735	0.686129003	0.693868537	0.672680605	0.666572336	0.694513117	0.738100366	0.739293251	0.03266083	0.118797663	0.022653358	0.066325346	0.028446917	0.037655019	0.035292055	0.047576722	0.027615773	0.043095623	6	6	6	6	6	6	6	6	6	6
ZM009-05	D	19/03/2021	vert:tot	0.62429616	0.604752008	0.639859436	0.548333075	0.469816473	0.522587967	0.528815613	0.510309349	0.859487537	NA	0.243409552	0.144836544	0.012414844	0.106231906	NA	NA	NA	NA	0.046267837	NA	2	4	4	2	1	1	1	1	2	0
ZM009-05	D	26/03/2021	vert:tot	0.578407373	0.652700968	0.654520344	0.608338062	0.592841451	0.653011147	0.627466285	0.586069477	0.676289757	0.284679741	0.157793971	0.07405381	0.040834863	0.061292208	0.102931734	0.106668982	0.129740334	0.131060986	0.146751526	0.082218621	6	6	6	6	6	6	6	6	6	6
ZM009-05	D	02/04/2021	vert:tot	0.606688095	0.665323537	0.662298217	0.67977605	0.668070689	0.692328152	0.695762485	0.677807181	0.74401483	0.625993599	0.15605733	0.027098862	0.039628443	0.069159815	0.088456252	0.088545675	0.073842011	0.057818953	0.09703718	0.087694835	6	6	6	6	6	6	6	6	6	6
ZM009-05	D	09/04/2021	vert:tot	0.576303902	0.648297754	0.639381814	0.641182208	0.625111219	0.637322502	0.651903142	0.619362108	0.633360586	0.62463603	0.105196587	0.044653353	0.046721017	0.073621194	0.065971316	0.047864475	0.079387018	0.096094698	0.076790298	0.097848369	6	6	6	6	6	6	6	6	6	6
ZM009-05	D	16/04/2021	vert:tot	0.548698013	0.697048778	0.703292573	0.710724888	0.688592701	0.712539048	0.724985006	0.74195564	0.738777283	0.745741923	0.080643227	0.040645967	0.049411457	0.078892501	0.063432293	0.039445642	0.010075835	0.041425458	0.058481329	0.010951144	6	6	6	6	6	6	6	6	6	6
ZM009-05	D	26/04/2021	vert:tot	0.509932283	0.658709213	0.685384063	0.688920673	0.651684092	0.698596969	0.709032087	0.725492097	0.72307286	0.720391141	0.033709463	0.055691382	0.037032874	0.073104358	0.08896292	0.060362039	0.033338946	0.059993078	0.052089532	0.013822402	6	6	6	6	6	6	6	6	6	6
ZM009-06	A	19/03/2021	vert:tot	0.642315229	0.672499294	0.720581103	0.563558024	0.492756815	0.56305296	0.620769395	0.548066844	0.756126056	0.649899145	0.118018619	0.117320785	0.122294936	0.020077873	0.041907577	0.068322542	0.105036541	NA	0.144382197	0.010602374	6	6	4	3	3	2	3	1	2	2
ZM009-06	A	26/03/2021	vert:tot	0.7180816	0.710982895	0.73569445	0.724763754	0.681696225	0.631798345	0.63060346	0.616522481	0.724622235	0.335385109	0.071167906	0.046364061	0.043026213	0.033044799	0.069513689	0.127564695	0.11404335	0.168584518	0.163534485	0.107880852	6	6	6	6	6	6	6	5	6	6
ZM009-06	A	02/04/2021	vert:tot	0.766512954	0.768863775	0.726908047	0.7067507	0.723908794	0.691451274	0.678082679	0.730910113	0.749631893	0.726632163	0.069056195	0.047929568	0.038499572	0.044201183	0.050194006	0.020909467	0.105730082	0.042047215	0.075887807	0.097578779	6	6	6	6	6	6	6	6	6	6
ZM009-06	A	09/04/2021	vert:tot	0.778819898	0.828132467	0.741698476	0.705638392	0.698481649	0.703675637	0.686503398	0.73057568	0.741138825	0.759327702	0.040392355	0.05807648	0.041799549	0.049752665	0.065026227	0.08046559	0.07012476	0.082109244	0.081412802	0.068051213	6	6	6	6	6	6	6	6	6	6
ZM009-06	A	16/04/2021	vert:tot	0.714543172	0.822031839	0.773503889	0.754708623	0.743720162	0.725342853	0.714699793	0.771327163	0.789326094	0.794668387	0.073522347	0.051745983	0.027661118	0.0253831	0.028533653	0.005854421	0.041851496	0.012892549	0.027728435	0.035656376	6	6	6	6	6	6	6	6	6	6
ZM009-06	A	26/04/2021	vert:tot	0.712833929	0.824451373	0.77363738	0.753486281	0.72959819	0.710970866	0.704461218	0.758914132	0.778904968	0.771800319	0.061035989	0.052587458	0.029707851	0.027536598	0.037603019	0.008620908	0.041177405	0.009685787	0.023055422	0.032550724	6	6	6	6	6	6	6	6	6	6
ZM009-06	B	19/03/2021	vert:tot	0.699997426	0.57460956	0.636501857	0.691480146	0.805916181	0.599901022	NA	NA	0.831185572	0.434778408	0.168889734	0.082855369	0.134438701	0.190614107	NA	0.00465181	NA	NA	0.080428486	NA	6	5	5	4	1	2	0	0	2	1
ZM009-06	B	26/03/2021	vert:tot	0.666633915	0.712704934	0.671806907	0.620492393	0.674379767	0.642333694	0.682572943	0.614336648	0.755133193	0.327722812	0.087308967	0.081592379	0.051460323	0.078566763	0.121455014	0.044663419	0.078271755	0.061658379	0.14347243	0.095242825	6	6	6	6	6	6	6	5	5	6
ZM009-06	B	02/04/2021	vert:tot	0.620290538	0.734554015	0.707191288	0.671285885	0.667764549	0.657410403	0.701389021	0.736683013	0.730363258	0.640368206	0.080986874	0.066918813	0.046372435	0.035383927	0.042901616	0.055431814	0.074922106	0.074474828	0.08361423	0.055170192	6	6	6	6	6	6	6	6	6	6
ZM009-06	B	09/04/2021	vert:tot	0.582914694	0.714215056	0.705319628	0.682214288	0.68369398	0.686895333	0.704212509	0.716979885	0.718614912	0.74104116	0.082761917	0.07302233	0.059635169	0.039863322	0.06559317	0.051326434	0.069787279	0.097429273	0.114618117	0.076280689	6	6	6	6	6	6	6	6	6	6
ZM009-06	B	16/04/2021	vert:tot	0.608832065	0.740756158	0.729629779	0.712800721	0.704319656	0.71737406	0.744681175	0.763490323	0.771121813	0.774600506	0.071235725	0.06758483	0.029220947	0.022798558	0.052162338	0.033513736	0.049508615	0.041405758	0.040816449	0.0320467	6	6	6	6	6	6	6	6	6	6
ZM009-06	B	26/04/2021	vert:tot	0.600164839	0.733311122	0.728778523	0.706862691	0.69225555	0.700359711	0.729875371	0.753302627	0.76123619	0.748518611	0.07638512	0.058709593	0.030373214	0.037530151	0.044085853	0.036103996	0.053911034	0.03938931	0.040431163	0.027269729	6	6	6	6	6	6	6	6	6	6
ZM009-06	C	19/03/2021	vert:tot	0.697447123	0.6231733	0.750182215	0.740475987	0.584788482	0.719010691	0.633860744	NA	0.884657037	NA	0.24840726	NA	0.094550099	NA	NA	0.009411131	NA	NA	NA	NA	2	1	2	1	1	2	1	0	1	0
ZM009-06	C	26/03/2021	vert:tot	0.643450825	0.781617519	0.749041662	0.749685812	0.772836987	0.743000898	0.6475533	0.659124496	0.724903919	0.308650573	0.140222731	0.052118473	0.070951921	0.097077914	0.063262345	0.113469992	0.06362608	0.11036003	0.114774028	0.085843543	6	6	6	6	6	6	5	5	6	6
ZM009-06	C	02/04/2021	vert:tot	0.639208624	0.727883143	0.742324016	0.710212299	0.719003564	0.719488179	0.683198052	0.64861528	0.691886295	0.660661848	0.057336968	0.054649206	0.031741458	0.037583545	0.037180521	0.061410277	0.0622409	0.085691634	0.027951576	0.024501933	6	6	6	6	6	6	6	6	6	6
ZM009-06	C	09/04/2021	vert:tot	0.604790993	0.710624503	0.72332925	0.708221329	0.719396603	0.720349267	0.685590142	0.685687181	0.694595066	0.730201012	0.09279105	0.045674522	0.058443897	0.047249525	0.0671014	0.062506743	0.056335355	0.097179285	0.102142019	0.075110517	6	6	6	6	6	6	6	6	6	6
ZM009-06	C	16/04/2021	vert:tot	0.58362035	0.750417824	0.753283991	0.729097281	0.744246931	0.742492432	0.712099232	0.715681438	0.746538577	0.749067942	0.103640417	0.043021082	0.044497328	0.02769787	0.029954676	0.0318369	0.012572485	0.040977718	0.043035616	0.033563344	6	6	6	6	6	6	6	6	6	6
ZM009-06	C	26/04/2021	vert:tot	0.516492931	0.713952555	0.738603697	0.723810209	0.731856353	0.731111966	0.700363239	0.703471289	0.737674369	0.730008622	0.08642318	0.060077156	0.064177874	0.039090165	0.027386044	0.03154356	0.016584676	0.051954342	0.049364133	0.034810459	6	6	6	6	6	6	6	6	6	6
ZM009-06	D	19/03/2021	vert:tot	0.493441609	0.597074772	0.549536049	0.541808792	0.460733943	0.452964222	0.48498285	0.49448116	0.782567493	0.451168712	0.190920598	0.136253355	0.048547353	0.132706696	NA	NA	NA	NA	0.160785542	NA	2	6	3	2	1	1	1	1	4	1
ZM009-06	D	26/03/2021	vert:tot	0.614506591	0.757102323	0.721308235	0.739898157	0.707894845	0.68448831	0.633403416	0.627797178	0.745489555	0.272778735	0.096538762	0.054560301	0.095375816	0.075050273	0.114733224	0.102184805	0.184965233	0.134614625	0.175326323	0.056556746	6	6	6	6	6	6	5	4	6	6
ZM009-06	D	02/04/2021	vert:tot	0.586482976	0.768235728	0.7247125	0.725169411	0.704733845	0.716083968	0.70504384	0.749076648	0.748441538	0.677425354	0.051729531	0.028302702	0.067230581	0.020717581	0.02904652	0.05521356	0.05216679	0.088633355	0.095990341	0.061285042	6	6	6	6	6	6	6	6	6	6
ZM009-06	D	09/04/2021	vert:tot	0.584326604	0.748641223	0.718600991	0.718567379	0.713469993	0.71932645	0.723544022	0.726561359	0.728807025	0.751079818	0.079784287	0.046999058	0.053372474	0.032945876	0.045497405	0.075036515	0.06847618	0.079572291	0.067346088	0.077117104	6	6	6	6	6	6	6	6	6	6
ZM009-06	D	16/04/2021	vert:tot	0.553456421	0.78228859	0.731717188	0.740576561	0.735186701	0.730775325	0.740705539	0.751119877	0.771135006	0.770444309	0.085376714	0.044070599	0.078743049	0.026558578	0.022505862	0.029356738	0.028514489	0.038305237	0.035656096	0.030168015	6	6	6	6	6	6	6	6	6	6
ZM009-06	D	26/04/2021	vert:tot	0.533263323	0.763905701	0.731944022	0.724997102	0.718454013	0.71200682	0.726835524	0.743666985	0.761723581	0.745913874	0.06437791	0.041395308	0.08050907	0.037625296	0.031447846	0.037292035	0.028462739	0.040945293	0.035384462	0.02576229	6	6	6	6	6	6	6	6	6	6
ZM009-07	A	19/03/2021	vert:tot	0.663471241	0.657289346	0.539284948	0.520482007	0.564510994	0.586032906	0.528959436	0.611952225	0.725808614	0.465125892	0.104191247	0.112483295	0.090288884	0.120836801	0.112304674	0.134085817	NA	0.129799084	0.225262153	0.059021068	6	6	4	4	4	4	1	2	4	2
ZM009-07	A	26/03/2021	vert:tot	0.678635559	0.691877767	0.685751583	0.659666732	0.676810733	0.575486676	0.590056639	0.568277897	0.600356636	0.304648296	0.050979456	0.044273977	0.065400949	0.056273588	0.108479532	0.079170066	0.076086159	0.121674131	0.103964573	0.088855321	6	6	6	6	4	5	5	5	6	6
ZM009-07	A	02/04/2021	vert:tot	0.718065514	0.736520019	0.69479489	0.692214094	0.724986184	0.738938901	0.693296467	0.757033713	0.749032853	0.682123067	0.048464285	0.039209432	0.057416725	0.059610443	0.041038791	0.067857817	0.05610439	0.076477856	0.070446233	0.0477364	6	6	6	6	6	6	6	6	6	6
ZM009-07	A	09/04/2021	vert:tot	0.705927497	0.71906252	0.662808021	0.651824042	0.652274473	0.664491929	0.625262775	0.64597226	0.645259531	0.656262384	0.03870971	0.047566543	0.054845332	0.078986342	0.083669275	0.10500041	0.107000103	0.120009172	0.106862134	0.082615673	6	6	6	6	6	6	6	6	6	6
ZM009-07	A	16/04/2021	vert:tot	0.67658763	0.743404003	0.717097468	0.72232799	0.720105052	0.73584187	0.718915368	0.743251216	0.765556411	0.771815752	0.026684773	0.056132404	0.053643285	0.041822838	0.015714384	0.036226966	0.046593477	0.039939405	0.037886354	0.038067529	6	6	6	6	6	6	6	6	6	6
ZM009-07	A	26/04/2021	vert:tot	0.663743502	0.737410512	0.723668727	0.718408406	0.713214993	0.728245468	0.708781683	0.738620979	0.761681848	0.759752806	0.033621303	0.054395384	0.050639702	0.044579537	0.014910407	0.042862893	0.051199434	0.042794122	0.037717898	0.030328327	6	6	6	6	6	6	6	6	6	6
ZM009-07	B	19/03/2021	vert:tot	0.680941103	0.623152541	0.558674585	0.69291123	0.685042223	0.538661226	0.733407592	NA	0.850878092	NA	0.080693809	0.173178887	0.110378373	0.01705423	0.080877928	0.12868398	NA	NA	0.013611724	NA	5	6	5	3	3	2	1	0	2	0
ZM009-07	B	26/03/2021	vert:tot	0.592478562	0.668636462	0.654688681	0.612530731	0.595924378	0.65433903	0.665667941	0.584504947	0.765271439	0.282326792	0.06478644	0.070742983	0.077736054	0.100352155	0.102580056	0.097877437	0.157752136	0.110840521	0.131856813	0.084162279	6	6	6	6	6	6	6	5	6	6
ZM009-07	B	02/04/2021	vert:tot	0.65280367	0.737682322	0.72419722	0.697802293	0.684693515	0.685681589	0.693562419	0.700805096	0.729906424	0.652129414	0.06809899	0.040644143	0.030762347	0.039255332	0.050268318	0.062128908	0.084024526	0.052187159	0.079390148	0.100788313	6	6	6	6	6	6	6	6	6	6
ZM009-07	B	09/04/2021	vert:tot	0.623120404	0.695120056	0.678985973	0.657956379	0.649395946	0.616372363	0.643681866	0.635056615	0.657055197	0.66096307	0.043141353	0.048800496	0.056619036	0.081768411	0.083817503	0.086500924	0.11820982	0.080771642	0.140167342	0.078332711	6	6	6	6	6	6	6	6	6	6
ZM009-07	B	16/04/2021	vert:tot	0.623942736	0.756726338	0.741140219	0.724451524	0.711613152	0.71064139	0.73511431	0.742584763	0.772700748	0.746624246	0.054222937	0.048372579	0.037438798	0.05123202	0.039709992	0.023345281	0.033761255	0.025269686	0.04916991	0.066258921	6	6	6	6	6	6	6	6	6	6
ZM009-07	B	26/04/2021	vert:tot	0.601140213	0.737537177	0.745009968	0.723627832	0.708091215	0.696405337	0.725752769	0.741852182	0.769876905	0.732136357	0.035516802	0.04203356	0.036070065	0.061427225	0.037727275	0.020088221	0.037531103	0.023962292	0.046972768	0.06865592	6	6	6	6	6	6	6	6	6	6
ZM009-07	C	19/03/2021	vert:tot	0.551502055	0.556487719	0.565213296	0.572221988	NA	0.786160994	NA	NA	0.825234941	0.564211556	0.010936149	NA	NA	NA	NA	NA	NA	NA	0.070765979	NA	2	1	1	1	0	1	0	0	3	1
ZM009-07	C	26/03/2021	vert:tot	0.561447443	0.691852212	0.720974593	0.705576575	0.657201124	0.697327462	0.706784257	0.519616781	0.623980463	0.235707295	0.116633993	0.059452144	0.104798929	0.08549989	0.121556658	0.111135688	0.103956732	0.11817468	0.139724811	0.053764049	6	6	6	6	6	6	6	6	6	6
ZM009-07	C	02/04/2021	vert:tot	0.603786613	0.704205425	0.70488757	0.69057564	0.696603591	0.692986961	0.69777273	0.654061333	0.720171758	0.662170731	0.12388169	0.071552754	0.017997511	0.04838301	0.041392089	0.056519066	0.073373152	0.042784225	0.082438034	0.059490907	6	6	6	6	6	6	6	6	6	6
ZM009-07	C	09/04/2021	vert:tot	0.604760647	0.67119523	0.668816636	0.661411726	0.666959963	0.659327379	0.655441188	0.627892673	0.65349812	0.658867001	0.112711746	0.036206803	0.044840293	0.064588096	0.065864211	0.069658079	0.081876614	0.091171025	0.063312474	0.060109436	6	6	6	6	6	6	6	6	6	6
ZM009-07	C	16/04/2021	vert:tot	0.593820337	0.719382882	0.713535054	0.718769581	0.727260466	0.732269412	0.726857303	0.725345013	0.754521279	0.735522701	0.127146761	0.048494757	0.012244329	0.032980287	0.026681029	0.026866686	0.033509027	0.048148549	0.041974199	0.052454769	6	6	6	6	6	6	6	6	6	6
ZM009-07	C	26/04/2021	vert:tot	0.585981074	0.711331484	0.705010717	0.710553599	0.716386785	0.723650456	0.718931249	0.721445027	0.749449336	0.727368538	0.106190791	0.038218296	0.016371173	0.031208129	0.023347331	0.026388309	0.035437748	0.044583932	0.041397953	0.056925367	6	6	6	6	6	6	6	6	6	6
ZM009-07	D	19/03/2021	vert:tot	0.663220066	0.643250717	0.679860973	0.634648087	0.50570199	0.505948079	0.774721846	NA	0.815273055	NA	0.217647207	0.18041701	0.131571034	0.086709341	NA	NA	NA	NA	0.068971824	NA	3	3	4	4	1	1	1	0	2	0
ZM009-07	D	26/03/2021	vert:tot	0.571953108	0.637554675	0.656288667	0.627649356	0.5710346	0.54634043	0.526183475	0.467860914	0.642350082	0.261584779	0.145460081	0.097576932	0.096117367	0.102965688	0.088355383	0.079358192	0.144029315	0.119866419	0.241021098	0.125128099	6	6	6	6	6	6	6	5	5	6
ZM009-07	D	02/04/2021	vert:tot	0.634431982	0.704774256	0.70120537	0.689133679	0.678862721	0.645078667	0.654861972	0.702546804	0.76340393	0.689260436	0.06866612	0.042421741	0.057086571	0.041421996	0.042688595	0.047231986	0.070668823	0.081457445	0.083404259	0.073928122	6	6	6	6	6	6	6	6	6	6
ZM009-07	D	09/04/2021	vert:tot	0.572121338	0.659372803	0.670822305	0.659271285	0.65908687	0.640185227	0.641555785	0.674268334	0.685546817	0.686822416	0.063491531	0.050475052	0.029416075	0.043370307	0.058011546	0.058429772	0.051324039	0.076011778	0.075112449	0.061462919	6	6	6	6	6	6	6	6	6	6
ZM009-07	D	16/04/2021	vert:tot	0.563454148	0.71242433	0.722119305	0.702190505	0.702898303	0.690627837	0.724972776	0.7437085	0.77688982	0.77197683	0.07886781	0.043403246	0.032873584	0.023770285	0.028385347	0.01165521	0.025887503	0.024398786	0.024672573	0.052601731	6	6	6	6	6	6	6	6	6	6
ZM009-07	D	26/04/2021	vert:tot	0.539431344	0.703479611	0.712290751	0.695159466	0.694372167	0.679417812	0.714249725	0.740933135	0.773901749	0.760209525	0.089113062	0.028146036	0.04208422	0.024922197	0.027765096	0.01201488	0.028314055	0.024681638	0.025254148	0.050199423	6	6	6	6	6	6	6	6	6	6
ZM009-08	A	19/03/2021	vert:tot	0.680924635	0.598993148	0.555429294	0.657006513	0.538506334	0.54563661	NA	NA	0.847906136	NA	0.059754865	0.088424875	NA	0.059019742	NA	NA	NA	NA	0.103123113	NA	3	3	1	2	1	1	0	0	2	0
ZM009-08	A	26/03/2021	vert:tot	0.65076627	0.663653807	0.659900997	0.598898409	0.627243531	0.622349116	0.602081644	0.600076635	0.642632514	0.278371117	0.050781015	0.089675251	0.113961576	0.073941173	0.122317393	0.117319126	0.101220906	0.190846416	0.154286216	0.069199485	6	6	6	6	6	6	6	5	6	6
ZM009-08	A	02/04/2021	vert:tot	0.681311493	0.67469111	0.638073483	0.572709671	0.604410759	0.583141286	0.622391508	0.657424359	0.626882661	0.502895665	0.059448631	0.05775536	0.074503979	0.083944625	0.092455961	0.108756985	0.081661992	0.082891452	0.064273724	0.084914548	6	6	6	6	6	6	6	6	6	6
ZM009-08	A	09/04/2021	vert:tot	0.713635521	0.685340325	0.619335395	0.556394153	0.573423332	0.560949618	0.563002204	0.561752144	0.564205802	0.579779867	0.049464405	0.044391228	0.097614631	0.068694431	0.050791194	0.08350326	0.098314306	0.100867595	0.11661914	0.160974612	6	6	6	6	6	6	6	6	6	6
ZM009-08	A	16/04/2021	vert:tot	0.652658768	0.722915252	0.694342402	0.627535132	0.640870565	0.62049545	0.657585564	0.663315006	0.69197986	0.711405619	0.070066612	0.042191426	0.040245512	0.024247648	0.040280436	0.051795154	0.027602557	0.058483391	0.037823724	0.043927475	6	6	6	6	6	6	6	6	6	6
ZM009-08	A	26/04/2021	vert:tot	0.670337498	0.705121042	0.675109956	0.611376721	0.612464467	0.59622256	0.6228656	0.632965171	0.668262656	0.674479645	0.063701664	0.036451571	0.043715854	0.039737621	0.047608584	0.057363388	0.040633854	0.059346612	0.042677975	0.057884594	6	6	6	6	6	6	6	6	6	6
ZM009-08	B	19/03/2021	vert:tot	NA	0.440031654	0.46828294	NA	NA	NA	NA	NA	0.748283049	NA	NA	NA	NA	NA	NA	NA	NA	NA	NA	NA	0	1	1	0	0	0	0	0	1	0
ZM009-08	B	26/03/2021	vert:tot	0.423622107	0.589009235	0.608866981	0.635921678	0.600539874	0.637587698	0.595651737	0.520963079	0.765251665	0.270631674	0.097964921	0.037410931	0.06232665	0.047930908	0.071786145	0.161818753	0.199837332	0.128470037	0.105882012	0.078880703	6	6	6	6	6	6	5	6	6	6
ZM009-08	B	02/04/2021	vert:tot	0.455829305	0.589388518	0.595952798	0.603497338	0.5673424	0.5971498	0.619314154	0.624853425	0.660357936	0.558272039	0.085366245	0.038386173	0.044809788	0.054193118	0.070529566	0.052123648	0.080046189	0.090113776	0.113853948	0.091384038	6	6	6	6	6	6	6	6	6	6
ZM009-08	B	09/04/2021	vert:tot	0.441637941	0.581501421	0.577788269	0.586276484	0.56473283	0.570018707	0.596463281	0.60434229	0.616575879	0.597300233	0.055732449	0.047648413	0.077457113	0.082549164	0.089398963	0.105726052	0.06940588	0.09582871	0.100678127	0.117933924	6	6	6	6	6	6	6	6	6	6
ZM009-08	B	16/04/2021	vert:tot	0.488882769	0.693561524	0.651860628	0.645588006	0.63365146	0.673713957	0.701785677	0.713187832	0.720456446	0.709936895	0.034880876	0.030505385	0.049957847	0.054298702	0.053490879	0.031424014	0.023271409	0.05444439	0.040859266	0.034506711	6	6	6	6	6	6	6	6	6	6
ZM009-08	B	26/04/2021	vert:tot	0.494271968	0.68938783	0.667515093	0.632035866	0.583176917	0.639798019	0.655289488	0.685389291	0.714354938	0.68159714	0.063970738	0.025953796	0.043787063	0.051869978	0.060778639	0.049275507	0.044300913	0.047726541	0.03946391	0.037127075	6	6	6	6	6	6	6	6	6	6
ZM009-08	C	19/03/2021	vert:tot	0.68636084	NA	NA	0.771644863	0.506446167	0.661655366	0.63870281	NA	0.751494706	NA	NA	NA	NA	NA	NA	NA	NA	NA	NA	NA	1	0	0	1	1	1	1	0	1	0
ZM009-08	C	26/03/2021	vert:tot	0.624452509	0.670688328	0.695093718	0.680392848	0.661159156	0.602661736	0.588342703	0.659399249	0.702028753	0.290632803	0.160247745	0.104069192	0.096932165	0.091465124	0.081248242	0.128899103	0.081529391	0.151433922	0.149444122	0.060805562	4	6	6	6	6	6	4	6	6	6
ZM009-08	C	02/04/2021	vert:tot	0.553851024	0.597177731	0.611443316	0.611395645	0.597514635	0.592153136	0.608399398	0.630920963	0.660053582	0.582292036	0.077154438	0.055980358	0.049787769	0.035806042	0.070801591	0.078919978	0.050517116	0.103318938	0.069664529	0.057697179	6	6	6	6	6	6	6	6	6	6
ZM009-08	C	09/04/2021	vert:tot	0.527961926	0.567919872	0.594876249	0.599246793	0.592929827	0.570821024	0.582936851	0.587519798	0.603622633	0.614684433	0.077869678	0.063808824	0.052995711	0.077064874	0.086533011	0.088742217	0.066205007	0.113088813	0.113970263	0.125768779	6	6	6	6	6	6	6	6	6	6
ZM009-08	C	16/04/2021	vert:tot	0.545130949	0.64188072	0.64309938	0.648672435	0.649311015	0.638511155	0.666744056	0.683880702	0.708447063	0.71882322	0.043447085	0.052507255	0.029760177	0.042707376	0.040929751	0.039120376	0.027197958	0.048955942	0.039080695	0.031164386	6	6	6	6	6	6	6	6	6	6
ZM009-08	C	26/04/2021	vert:tot	0.532798401	0.603699983	0.646289805	0.633017859	0.630145033	0.604354302	0.63954562	0.666895349	0.692721014	0.695851718	0.054575758	0.060116195	0.030263921	0.048024723	0.039914977	0.053672119	0.038957271	0.046190142	0.036378432	0.040047486	6	6	6	6	6	6	6	6	6	6
ZM009-08	D	19/03/2021	vert:tot	NA	0.64665905	0.654973229	0.732347106	NA	NA	NA	NA	0.950667789	NA	NA	0.136702431	0.067913771	NA	NA	NA	NA	NA	NA	NA	0	2	2	1	0	0	0	0	1	0
ZM009-08	D	26/03/2021	vert:tot	0.590124024	0.655919313	0.649716871	0.589605877	0.61594051	0.589605896	0.62476925	0.588733675	0.656516568	0.277633295	0.181159472	0.053103391	0.038878412	0.071558907	0.117382106	0.127541993	0.112046678	0.146336447	0.136984636	0.075792047	6	6	6	6	6	6	6	6	6	6
ZM009-08	D	02/04/2021	vert:tot	0.588627415	0.664599661	0.623561572	0.566850166	0.587152153	0.579445158	0.585213303	0.587459232	0.667591572	0.510822739	0.093696116	0.041862297	0.032606412	0.068403738	0.064156559	0.072217675	0.06944935	0.087507822	0.093257637	0.158747673	6	6	6	6	6	6	6	6	6	6
ZM009-08	D	09/04/2021	vert:tot	0.558682926	0.651287349	0.613023405	0.575170519	0.570665652	0.570723061	0.556681146	0.554079562	0.616186541	0.603444977	0.070399073	0.04329446	0.05817518	0.07629582	0.075100471	0.058024427	0.064987599	0.089900911	0.101035179	0.114642241	6	6	6	6	6	6	6	6	6	6
ZM009-08	D	16/04/2021	vert:tot	0.574188085	0.706850406	0.681910182	0.638198894	0.625872068	0.624998557	0.643633114	0.642546026	0.697921924	0.703180812	0.056083512	0.042956739	0.023278681	0.054852017	0.05397664	0.074445307	0.041118797	0.060381511	0.060041298	0.031594204	6	6	6	6	6	6	6	6	6	6
ZM009-08	D	26/04/2021	vert:tot	0.517313725	0.694528915	0.684037671	0.623023893	0.609668131	0.586733372	0.615598082	0.619578326	0.679925086	0.670712459	0.040530082	0.043250727	0.038311005	0.043243658	0.059306825	0.080108137	0.038981688	0.062949589	0.074179111	0.041329286	6	6	6	6	6	6	6	6	6	6
ZM009-09	A	26/03/2021	vert:tot	0.731900445	0.705766933	0.700225396	0.666485221	0.617269408	0.575683673	0.53820697	0.537254486	0.65867808	0.286307868	0.024143574	0.106447853	0.105251114	0.085656877	0.120514543	0.159288412	0.119786516	0.124184405	0.179917146	0.075842814	6	6	6	6	6	5	5	6	5	6
ZM009-09	A	02/04/2021	vert:tot	0.760222015	0.743987111	0.699674088	0.705807009	0.692416	0.67946842	0.726580874	0.781688331	0.799383969	0.551214472	0.048301534	0.095956374	0.07365919	0.097264063	0.105320916	0.103661716	0.135730487	0.162271306	0.108886442	0.181019056	6	6	6	6	6	6	6	6	6	6
ZM009-09	A	09/04/2021	vert:tot	0.7428985	0.69094908	0.611320623	0.62984691	0.604583656	0.577220353	0.609566223	0.601707681	0.605177848	0.560617243	0.022147209	0.070790611	0.119196986	0.080858101	0.115459953	0.090995862	0.10933171	0.106877444	0.132691819	0.196481967	6	6	6	6	6	6	6	6	6	6
ZM009-09	A	16/04/2021	vert:tot	0.760431495	0.816167131	0.754542432	0.710227727	0.704547384	0.675176769	0.709151696	0.726924735	0.762314938	0.713540363	0.042817805	0.052080754	0.032093615	0.041169469	0.080962751	0.075453329	0.069729158	0.071582889	0.068865725	0.056382755	6	6	6	6	6	6	6	6	6	6
ZM009-09	A	26/04/2021	vert:tot	0.752395506	0.808801991	0.741922353	0.716113284	0.697742748	0.634154798	0.684180793	0.711684696	0.745246025	0.732530195	0.023987145	0.054441029	0.048444505	0.028610735	0.086899239	0.068689138	0.065129008	0.079566009	0.06599022	0.065420256	6	6	6	6	6	6	6	6	6	6
ZM009-09	B	26/03/2021	vert:tot	0.547787189	0.659825421	0.655165112	0.601049676	0.583217692	0.623252947	0.62633945	0.510535457	0.832814884	0.251921272	0.172028816	0.078026169	0.101516266	0.158136922	0.13821802	0.059898063	0.091688161	0.197201929	0.105440395	0.071031462	6	6	6	6	6	6	6	4	6	6
ZM009-09	B	02/04/2021	vert:tot	0.5182133	0.699750991	0.714184883	0.711498028	0.712526654	0.710895469	0.674230915	0.696986439	0.769734401	0.651157383	0.138176031	0.105984851	0.081986867	0.060450568	0.04452628	0.14002872	0.116871537	0.090628275	0.104553495	0.197218499	6	6	6	6	6	6	6	6	6	6
ZM009-09	B	09/04/2021	vert:tot	0.513058628	0.61328702	0.619893003	0.634998923	0.631887443	0.606822847	0.592709188	0.60960277	0.665027871	0.590953829	0.057975128	0.101246823	0.11284784	0.122943709	0.107348669	0.111333648	0.117949241	0.154151093	0.099499346	0.17873841	6	6	6	6	6	6	6	6	6	6
ZM009-09	B	16/04/2021	vert:tot	0.539063047	0.728836863	0.744599155	0.711490328	0.73004447	0.709974347	0.710208408	0.739843445	0.786782146	0.713182456	0.084368458	0.055987368	0.058978101	0.06158315	0.076326064	0.072969449	0.058321241	0.074011829	0.045992238	0.065945897	6	6	6	6	6	6	6	6	6	6
ZM009-09	B	26/04/2021	vert:tot	0.463135187	0.657521369	0.692165798	0.69404974	0.692100557	0.688724284	0.661020398	0.715909584	0.769973617	0.747615712	0.05490132	0.05887257	0.085711357	0.070886961	0.077315518	0.079616566	0.100008265	0.063450267	0.035412846	0.051162441	6	6	6	6	6	6	6	6	6	6
ZM009-09	C	26/03/2021	vert:tot	0.614844077	0.690021307	0.729866513	0.71441085	0.743249565	0.682535587	0.670118737	0.726272281	0.803795178	0.228219737	0.120739646	0.112749518	0.118697354	0.11244359	0.099124784	0.146655297	0.217386254	0.214833719	0.09263938	0.074789546	4	6	6	6	6	6	5	3	5	6
ZM009-09	C	02/04/2021	vert:tot	0.566283843	0.721141792	0.734306072	0.706056544	0.694797021	0.700919329	0.674116096	0.690327042	0.752319387	0.579779978	0.094024343	0.093904744	0.077320751	0.068694619	0.0601056	0.093576204	0.111400305	0.110624538	0.108494257	0.207891171	6	6	6	6	6	6	6	6	6	6
ZM009-09	C	09/04/2021	vert:tot	0.501957781	0.655964609	0.688418233	0.656136778	0.643141541	0.614610303	0.606370069	0.610483181	0.676960021	0.568453618	0.050008539	0.055008623	0.074370766	0.111477785	0.094614524	0.064670701	0.114658424	0.128229647	0.080694564	0.156926673	6	6	6	6	6	6	6	6	6	6
ZM009-09	C	16/04/2021	vert:tot	0.511603187	0.73893004	0.732564895	0.729656936	0.727455767	0.723510631	0.73980917	0.763266019	0.799926437	0.704225517	0.079751916	0.054956937	0.047438994	0.078560761	0.05670374	0.048989615	0.040469054	0.037462887	0.043248385	0.045608322	6	6	6	6	6	6	6	6	6	6
ZM009-09	C	26/04/2021	vert:tot	0.490001503	0.634060528	0.68163646	0.667010926	0.688386036	0.677417724	0.66258337	0.710924983	0.786689531	0.679275564	0.04084154	0.072433724	0.039994712	0.055041867	0.048849686	0.049216433	0.048076936	0.040054324	0.023454468	0.039618536	6	6	6	6	6	6	6	6	6	6
ZM009-09	D	26/03/2021	vert:tot	0.668910606	0.733219757	0.738734228	0.655267952	0.654626939	0.585158346	0.665499472	0.5993122	0.760206487	0.24256221	0.157248468	0.116251676	0.089123206	0.134863246	0.145487986	0.221587937	0.211419476	0.272436588	0.167838085	0.081020027	5	6	6	6	6	6	5	5	6	6
ZM009-09	D	02/04/2021	vert:tot	0.66957872	0.757376582	0.727654328	0.69898347	0.712806882	0.666528034	0.734367364	0.681133553	0.759655999	0.472574328	0.159907043	0.117606248	0.072355841	0.07761986	0.099417006	0.073630622	0.11652262	0.183545608	0.133235986	0.220804694	6	6	6	6	6	6	6	6	6	6
ZM009-09	D	09/04/2021	vert:tot	0.53973956	0.672676111	0.66665975	0.623611952	0.610798572	0.599844221	0.619214367	0.599810626	0.66460931	0.591080627	0.078124973	0.116654467	0.114417415	0.104566569	0.099125568	0.098984978	0.138705134	0.113059178	0.085677653	0.1640171	6	6	6	6	6	6	6	6	6	6
ZM009-09	D	16/04/2021	vert:tot	0.63073565	0.793331949	0.765724946	0.711243627	0.698530952	0.662146399	0.70657371	0.706480435	0.783619096	0.758505013	0.113225919	0.093573596	0.050469367	0.027583658	0.053011418	0.074885579	0.061135351	0.058579924	0.054193068	0.026130901	6	6	6	6	6	6	6	6	6	6
ZM009-09	D	26/04/2021	vert:tot	0.553338962	0.729081927	0.766675895	0.73254872	0.679946795	0.636907073	0.677215954	0.680286835	0.763294872	0.725744092	0.106813899	0.112077539	0.058769879	0.057120034	0.042806648	0.080463813	0.04106122	0.064500533	0.04152726	0.038726725	6	6	6	6	6	6	6	6	6	6
