plant_id	face	date	type	mean01	mean02	mean03	mean04	mean05	mean06	mean07	mean08	mean09	mean10	sd01	sd02	sd03	sd04	sd05	sd06	sd07	sd08	sd09	sd10	n01	n02	n03	n04	n05	n06	n07	n08	n09	n10
ZM009-01	A	19/03/2021	lat:vert	0.421414326	0.489432807	0.695231921	0.840781809	0.834932876	0.992537839	0.84857255	0.782776157	0.370431816	1.528574615	0.186114457	0.365234348	0.147456688	0.119653109	0.253261483	0.202951034	0.205437273	0.326481595	0.284189572	0.095431829	6	3	3	4	4	3	3	2	3	2
ZM009-01	A	26/03/2021	lat:vert	0.453601659	0.444665457	0.451420599	0.526756577	0.69529024	0.719556168	0.768806037	1.151601821	0.567955564	2.877315981	0.194440796	0.186892886	0.234745615	0.209759784	0.232517259	0.139702188	0.443296877	0.630293013	0.382965472	1.230825402	6	6	6	6	6	5	5	4	6	6
ZM009-01	A	02/04/2021	lat:vert	0.395183122	0.479928196	0.453835526	0.463616375	0.45753714	0.660704514	0.522903084	0.321563062	0.346113249	1.270063968	0.098210009	0.046884016	0.096704208	0.136799538	0.165149458	0.343219713	0.355552955	0.235046696	0.241936797	1.031609786	6	6	6	6	6	6	6	6	6	6
ZM009-01	A	09/04/2021	lat:vert	0.364494536	0.55840207	0.652945324	0.66336774	0.68996184	0.951128561	0.8270519	0.764494323	0.634375035	0.826441853	0.0536838	0.242041495	0.265406901	0.228755504	0.22675139	0.335327531	0.436807197	0.36639163	0.36867144	0.509658229	6	6	6	6	6	6	6	6	5	6
ZM009-01	A	16/04/2021	lat:vert	0.378502664	0.410706085	0.413599254	0.50816601	0.580254711	0.709278687	0.600003955	0.454814388	0.343667574	0.426489735	0.069355384	0.132280248	0.056673743	0.092148251	0.147239423	0.121549721	0.166194872	0.097541889	0.134049456	0.139101978	6	6	6	6	6	6	6	6	6	6
ZM009-01	A	26/04/2021	lat:vert	0.386244175	0.457300916	0.431126055	0.556831427	0.56596191	0.744321371	0.69256243	0.548826391	0.422182217	0.401346126	0.098570801	0.16660286	0.096413102	0.10589847	0.142758007	0.195455851	0.164787272	0.126784598	0.131932034	0.089271793	6	6	6	6	6	6	6	6	6	6
ZM009-01	B	19/03/2021	lat:vert	0.430824029	0.422354619	0.546470909	0.476904082	NA	NA	NA	NA	0.247500028	NA	0.364869639	0.167287217	0.17167173	NA	NA	NA	NA	NA	NA	NA	4	3	5	1	0	0	0	0	1	0
ZM009-01	B	26/03/2021	lat:vert	0.311263529	0.514684664	0.486446278	0.602154401	0.622543018	0.510822782	0.922306203	0.538913386	0.410172141	3.467828664	0.136450935	0.331817554	0.201814184	0.272994252	0.354488977	0.275153928	0.669160549	0.630789557	0.283800265	1.731597932	5	6	6	6	6	6	5	4	6	6
ZM009-01	B	02/04/2021	lat:vert	0.55655363	0.437677723	0.467357634	0.471814756	0.656172552	0.505543662	0.536340195	0.506804126	0.515094622	0.993848652	0.161593133	0.156820863	0.099285949	0.14776598	0.302984012	0.141018745	0.205655624	0.386709255	0.319274671	0.273158627	6	6	6	6	6	6	6	6	6	6
ZM009-01	B	09/04/2021	lat:vert	0.819772855	0.605934048	0.634768201	0.625559686	0.77482329	0.603450429	0.709836771	0.932999602	0.876896601	0.795353622	0.223773377	0.278918378	0.269697062	0.209539998	0.275394436	0.150038057	0.347619877	0.545698257	0.522667842	0.407894621	6	6	6	6	6	6	6	6	6	5
ZM009-01	B	16/04/2021	lat:vert	0.866165078	0.437200715	0.388922567	0.46966139	0.689857138	0.481467535	0.458324118	0.422701392	0.389706012	0.42509781	0.200537335	0.11535464	0.120051325	0.110928681	0.20585321	0.108904881	0.150423597	0.09196891	0.10238152	0.089632544	6	6	6	6	6	6	6	6	6	6
ZM009-01	B	26/04/2021	lat:vert	1.174991904	0.530559129	0.405794043	0.466368054	0.72208526	0.557158208	0.592689249	0.490433598	0.448567124	0.400791791	0.276096454	0.124498863	0.115016335	0.142216037	0.154376207	0.059710496	0.202295391	0.087590886	0.128979829	0.064667112	6	6	6	6	6	6	6	6	6	6
ZM009-01	C	19/03/2021	lat:vert	0.696275975	0.143701575	0.805500681	0.914161249	0.658907791	0.828764503	0.742668343	NA	0.188610691	NA	0.379560933	NA	NA	NA	0.287663719	NA	NA	NA	0.068577682	NA	2	1	1	1	2	1	1	0	3	0
ZM009-01	C	26/03/2021	lat:vert	0.724527457	0.305755257	0.413530579	0.690104591	0.685347269	0.782563072	0.990066232	0.775901619	0.372343368	4.00424274	0.451460494	0.262089304	0.355973177	0.391843451	0.512537488	0.299838339	0.380659589	0.543144184	0.224912579	1.441365148	4	5	6	6	6	6	5	5	5	6
ZM009-01	C	02/04/2021	lat:vert	0.683285453	0.328501835	0.419349785	0.455993904	0.438868995	0.492971021	0.42662862	0.3010276	0.248570315	3.45249324	0.331707199	0.125374157	0.212298757	0.089131712	0.183978939	0.164978565	0.153753658	0.185702703	0.155705537	6.273730377	6	6	6	6	6	6	6	6	6	6
ZM009-01	C	09/04/2021	lat:vert	0.952345965	0.558596587	0.531430931	0.716496433	0.713924578	0.663733566	0.758482619	0.796686861	0.59908962	1.032044064	0.144269347	0.325996469	0.215610497	0.3621073	0.288794921	0.333750105	0.412218709	0.571207607	0.348544942	0.710413187	6	6	6	6	6	6	6	6	5	6
ZM009-01	C	16/04/2021	lat:vert	0.85857209	0.378617233	0.402216487	0.430486669	0.444198255	0.457008042	0.444756235	0.380560965	0.388053872	0.41870325	0.151718961	0.197203891	0.162350039	0.059692883	0.073767821	0.107996405	0.096706522	0.092128972	0.091099711	0.160680743	6	6	6	6	6	6	6	6	6	6
ZM009-01	C	26/04/2021	lat:vert	1.21791688	0.522028356	0.441242357	0.436998302	0.446154664	0.503248521	0.513593752	0.424409867	0.394799775	0.40731484	0.503923232	0.203034137	0.170536769	0.137173205	0.118260329	0.086618756	0.146278529	0.110267102	0.105312178	0.083036971	6	6	6	6	6	6	6	6	6	6
ZM009-01	D	19/03/2021	lat:vert	0.565900621	0.397773838	0.532762911	0.698814795	0.763975582	0.878446009	0.792273112	NA	0.188726038	0.617850674	0.345927207	0.21395383	0.206692339	0.130387378	0.50910358	0.446175146	NA	NA	0.100915684	NA	3	4	5	3	2	2	1	0	4	1
ZM009-01	D	26/03/2021	lat:vert	0.657993276	0.354252629	0.494100097	0.635211715	0.858107896	0.835226148	0.685931392	0.821618552	0.315740473	2.991685409	0.25341409	0.230097856	0.235701894	0.291616424	0.472857409	0.465974971	0.414676641	0.599517754	0.111912859	1.22054149	6	6	6	6	6	6	6	5	6	6
ZM009-01	D	02/04/2021	lat:vert	0.640181107	0.381359405	0.403486202	0.508034278	0.488370529	0.430271819	0.531127295	0.493701917	0.472404519	0.973029085	0.27528033	0.137861308	0.119498649	0.128025662	0.209849936	0.166340298	0.216014227	0.182133704	0.272803456	0.4016412	6	6	6	6	6	6	6	6	6	6
ZM009-01	D	09/04/2021	lat:vert	0.859975575	0.571883326	0.537904074	0.701782656	0.739631492	0.749506404	0.763044183	0.83086499	0.875953328	1.359390278	0.277810876	0.323928488	0.193927559	0.190779596	0.189434762	0.223261334	0.239363224	0.354039995	0.504066675	1.447494837	6	6	6	6	6	6	6	6	6	6
ZM009-01	D	16/04/2021	lat:vert	0.760613065	0.320315784	0.341459296	0.500604888	0.528047375	0.481097406	0.533661254	0.463911554	0.418114106	0.415192096	0.196608342	0.06586418	0.0784163	0.132657628	0.116977303	0.092811485	0.105799773	0.112574678	0.115118291	0.170359422	6	6	6	6	6	6	6	6	6	6
ZM009-01	D	26/04/2021	lat:vert	0.942437215	0.359349223	0.338373079	0.515283631	0.532793885	0.511995965	0.587153743	0.544821849	0.443717464	0.424190011	0.148656463	0.092449679	0.08080967	0.169100693	0.079528966	0.147265588	0.141100561	0.171142933	0.096905575	0.096344768	6	6	6	6	6	6	6	6	6	6
ZM009-02	A	19/03/2021	lat:vert	0.410881528	0.475048337	0.711750119	0.614797551	0.711087097	0.807551066	0.955143216	0.858050677	0.651377819	0.9727743	0.178921001	0.212720318	0.446527589	0.235919576	0.238660851	0.044837181	NA	NA	0.795978551	0.3221778	6	6	3	3	3	2	1	1	2	2
ZM009-02	A	26/03/2021	lat:vert	0.47758919	0.442561409	0.463099697	0.746463259	0.900140922	0.775382989	0.878442928	1.576626351	0.564647191	4.469645594	0.107501868	0.195194361	0.177777267	0.231867823	0.10662436	0.287622429	0.212491564	0.470657141	0.460146711	1.99116625	6	6	6	6	6	6	6	6	6	6
ZM009-02	A	02/04/2021	lat:vert	0.265871225	0.302979527	0.386043964	0.431679686	0.486368308	0.522747062	0.429090369	0.463158109	0.324743894	0.88757808	0.027438103	0.120624236	0.176668756	0.138964722	0.191895502	0.273937219	0.165433832	0.168137984	0.166458336	0.393224342	6	6	6	6	6	6	6	6	5	5
ZM009-02	A	09/04/2021	lat:vert	0.310200053	0.364067394	0.427160843	0.581060825	0.595120733	0.706845734	0.688566919	0.58768556	0.517552933	0.552130801	0.085474262	0.183941878	0.152871066	0.178734658	0.211166004	0.331844299	0.281625298	0.354497818	0.352161787	0.306990993	6	6	6	6	6	6	6	6	6	6
ZM009-02	A	16/04/2021	lat:vert	0.265810558	0.306852553	0.353752044	0.493182229	0.501242627	0.532573347	0.531863007	0.46857798	0.433439161	0.407905465	0.024974068	0.097963716	0.133631531	0.07194914	0.090439438	0.095284435	0.139739731	0.139808484	0.151494905	0.105266788	6	6	6	6	6	6	6	6	6	6
ZM009-02	A	26/04/2021	lat:vert	0.289476066	0.311544541	0.390335416	0.517536087	0.513684247	0.493868837	0.500882638	0.454081079	0.425529515	0.412405188	0.052385556	0.093478262	0.130798621	0.060226353	0.079127835	0.071938896	0.06692277	0.130817922	0.097427335	0.074637314	6	6	6	6	6	6	6	6	6	6
ZM009-02	B	19/03/2021	lat:vert	0.686528781	0.418973966	0.551871885	0.233653346	NA	NA	NA	NA	0.33467881	NA	0.37931078	0.175379993	0.143423614	NA	NA	NA	NA	NA	NA	NA	3	4	4	1	0	0	0	0	1	0
ZM009-02	B	26/03/2021	lat:vert	0.550256282	0.586777882	0.673217576	0.880577328	0.927535416	0.642189137	0.981949424	1.517730213	0.239635992	5.474221143	0.170721097	0.266920464	0.134365744	0.231741675	0.272974449	0.278755054	0.703213982	1.86850922	0.08339603	2.485016304	6	6	6	6	6	4	6	3	6	6
ZM009-02	B	02/04/2021	lat:vert	0.428001313	0.284508474	0.396040901	0.429998174	0.503220968	0.532628481	0.449458625	0.660025514	0.398552444	0.913431726	0.125847788	0.087858163	0.082180156	0.180493765	0.28074958	0.391734474	0.245610955	0.478140803	0.228215207	0.46079651	6	6	6	6	6	6	6	6	6	6
ZM009-02	B	09/04/2021	lat:vert	0.573949255	0.352952158	0.439770783	0.503116323	0.603488279	0.651512947	0.631990091	0.700196248	0.603548419	0.812485202	0.171883033	0.125081273	0.187907412	0.204356404	0.318938417	0.275937526	0.262577047	0.226754027	0.172697123	0.337347453	6	6	6	6	6	6	6	6	6	6
ZM009-02	B	16/04/2021	lat:vert	0.476729649	0.311385785	0.371422088	0.426895753	0.47274643	0.489609871	0.480140335	0.476499946	0.411229058	0.478214677	0.107734526	0.097102304	0.066316712	0.054529001	0.103220829	0.12239108	0.136300342	0.137266274	0.122512427	0.14554221	6	6	6	6	6	6	6	6	6	6
ZM009-02	B	26/04/2021	lat:vert	0.617900834	0.331689482	0.367174717	0.41614637	0.466967552	0.491879021	0.445668081	0.467932768	0.393842115	0.440906412	0.045830705	0.107328648	0.0461985	0.013448209	0.095425898	0.095512636	0.116948007	0.115352673	0.087293239	0.066519512	6	6	6	6	6	6	6	6	6	6
ZM009-02	C	19/03/2021	lat:vert	0.496439911	0.199114065	0.356839993	0.361849344	0.388000212	NA	NA	NA	0.11198679	NA	0.431456509	NA	NA	NA	NA	NA	NA	NA	0.034153454	NA	2	1	1	1	1	0	0	0	2	0
ZM009-02	C	26/03/2021	lat:vert	0.469709236	0.330451869	0.313491432	0.53638911	0.56654291	0.563845492	0.96808534	0.574125656	0.613837667	4.300189111	0.30366304	0.239680227	0.145527469	0.284841662	0.278635964	0.26860599	0.310373704	0.074973467	0.691404531	1.662959432	3	6	6	6	6	5	4	4	6	6
ZM009-02	C	02/04/2021	lat:vert	0.414925014	0.257164165	0.259126478	0.31786798	0.373490902	0.375104276	0.521975616	0.445789717	0.450094221	1.261979902	0.129290415	0.044170177	0.060431657	0.110745314	0.161759511	0.215421231	0.224204023	0.19315986	0.415179825	0.961468058	6	6	6	6	6	6	6	6	6	6
ZM009-02	C	09/04/2021	lat:vert	0.563366403	0.331231101	0.321703581	0.403577009	0.4167183	0.510619008	0.653811375	0.635958901	0.63726627	0.85577023	0.140769928	0.128925198	0.10445975	0.134508629	0.106508287	0.076498933	0.132991113	0.218291652	0.254685047	0.306856299	6	6	6	6	6	6	6	6	6	6
ZM009-02	C	16/04/2021	lat:vert	0.519312101	0.267102109	0.295309816	0.338164992	0.366351885	0.423631023	0.533607808	0.498882557	0.453144556	0.490130349	0.162694577	0.042708037	0.067623674	0.116354689	0.07515277	0.093890872	0.13490343	0.100273872	0.063033888	0.115815212	6	6	6	6	6	6	6	6	6	6
ZM009-02	C	26/04/2021	lat:vert	0.907424003	0.287092711	0.300593879	0.358538326	0.37970524	0.411453649	0.504878074	0.441078017	0.449206564	0.499193085	0.147463896	0.056123502	0.046736978	0.110841356	0.067837977	0.065728577	0.087992792	0.072070231	0.052129207	0.100732279	6	6	6	6	6	6	6	6	6	6
ZM009-02	D	19/03/2021	lat:vert	0.693773014	0.489397812	0.502491032	0.302622896	NA	NA	NA	NA	0.499988739	1.06890253	0.272029855	0.235444633	0.3320049	0.062792074	NA	NA	NA	NA	NA	0.221698308	4	5	4	3	0	0	0	0	1	2
ZM009-02	D	26/03/2021	lat:vert	0.789640017	0.449688275	0.463901759	0.603915943	0.785459661	1.188492849	1.040731572	1.105165002	0.442000147	3.902273792	0.446186259	0.16207203	0.260151122	0.294692649	0.339020825	0.378597386	0.296606602	0.204604289	0.288824708	1.330976781	6	6	6	6	6	6	4	3	6	6
ZM009-02	D	02/04/2021	lat:vert	0.676150429	0.293923867	0.262979926	0.342776023	0.483126179	0.376737226	0.348291151	0.362950643	0.357745885	2.656882765	0.388811105	0.094701001	0.093144955	0.120395693	0.197597347	0.115204627	0.123754492	0.191115461	0.247378684	3.468625708	6	6	6	6	6	6	6	6	6	6
ZM009-02	D	09/04/2021	lat:vert	0.786503204	0.362486204	0.341858811	0.452577603	0.547097426	0.575589323	0.535338845	0.504984875	0.446283798	0.525399901	0.307996152	0.125551109	0.095404877	0.072391461	0.164311779	0.148459108	0.153227599	0.197711886	0.038455635	0.188625308	6	6	6	6	6	6	6	6	6	6
ZM009-02	D	16/04/2021	lat:vert	0.890772367	0.319663	0.292319623	0.389589161	0.435291495	0.488973701	0.478621318	0.407496758	0.390542916	0.383789474	0.389315389	0.075137195	0.045240896	0.071322653	0.119070787	0.07026549	0.097442997	0.072765208	0.079794066	0.06667624	6	6	6	6	6	6	6	6	6	6
ZM009-02	D	26/04/2021	lat:vert	0.912537857	0.317044381	0.30708544	0.414482967	0.455093927	0.452133399	0.461171558	0.413943766	0.392548974	0.392090933	0.27083518	0.078936266	0.048991772	0.070766937	0.1071295	0.05971345	0.049671931	0.06837965	0.059496334	0.08293461	6	6	6	6	6	6	6	6	6	6
ZM009-03	A	19/03/2021	lat:vert	0.274236424	0.55501523	0.553162533	0.597066746	0.872760992	0.713853778	NA	NA	0.247149745	0.557603503	0.061961265	0.19664221	0.328335516	0.251804503	0.171622841	NA	NA	NA	0.089014394	NA	5	5	5	4	3	1	0	0	2	1
ZM009-03	A	26/03/2021	lat:vert	0.653541472	0.711534143	0.547079993	0.567110911	0.677046388	0.658997151	0.910391885	1.014091382	0.686691062	4.527004784	0.24204527	0.20176673	0.119605698	0.183225027	0.142760068	0.255624621	0.42897073	0.428975836	0.407869444	2.824668764	6	6	6	6	6	5	6	6	6	6
ZM009-03	A	02/04/2021	lat:vert	0.465638021	0.494899504	0.504140898	0.502325375	0.580510729	0.592456924	0.685845654	0.562343367	0.425563874	1.050682876	0.159880897	0.092216908	0.170552871	0.16354865	0.190017207	0.255743397	0.349844457	0.273906006	0.35347548	0.391217408	6	6	6	6	6	6	6	6	6	6
ZM009-03	A	09/04/2021	lat:vert	0.450948497	0.459795748	0.497654656	0.518646645	0.641568179	0.706390748	0.745454095	0.717204067	0.699237559	0.863700562	0.240883333	0.179080427	0.131401923	0.189465288	0.269819526	0.17953194	0.243754144	0.449623108	0.402848635	0.714377992	6	6	6	6	6	6	6	6	6	6
ZM009-03	A	16/04/2021	lat:vert	0.41535866	0.351599376	0.391042674	0.40129932	0.499568779	0.508505297	0.56083079	0.479124787	0.498509213	0.477045686	0.214313588	0.086447097	0.092843789	0.12808925	0.120694356	0.081801373	0.077507646	0.074763366	0.060186927	0.130672902	6	6	6	6	6	6	6	6	6	6
ZM009-03	A	26/04/2021	lat:vert	0.482175685	0.330800082	0.391484468	0.387863041	0.446948455	0.486651763	0.521860321	0.440274355	0.459139839	0.424441051	0.261936989	0.063273572	0.064752148	0.130374998	0.141497297	0.103085827	0.067109289	0.075842257	0.077085695	0.114180861	6	6	6	6	6	6	6	6	6	6
ZM009-03	B	19/03/2021	lat:vert	0.458290549	1.108143202	0.412665175	0.635523026	NA	NA	NA	NA	0.242656699	NA	0.311502787	1.149541709	0.158628283	NA	NA	NA	NA	NA	NA	NA	2	4	3	1	0	0	0	0	1	0
ZM009-03	B	26/03/2021	lat:vert	0.951647083	0.777379155	0.827133305	0.647538406	0.760353356	0.557344564	0.812564544	1.314652661	0.517437865	5.390320163	0.531726794	0.296282429	0.423205325	0.157163461	0.28541239	0.2376127	0.254657701	0.587355244	0.513233104	2.659969792	6	6	6	6	6	6	6	4	4	6
ZM009-03	B	02/04/2021	lat:vert	0.855466351	0.527444226	0.515301396	0.562393622	0.771288068	0.603139379	0.621174521	0.696170962	0.455345434	1.650106201	0.431934153	0.131896943	0.151403907	0.270910751	0.262753292	0.304253126	0.258290478	0.28782782	0.218506223	1.294291776	6	6	6	6	6	6	6	6	6	5
ZM009-03	B	09/04/2021	lat:vert	1.000559112	0.523948651	0.559170864	0.653469454	0.715935975	0.670603187	0.673084382	0.702412599	0.746545719	0.785938369	0.379012156	0.124582067	0.228919947	0.238684474	0.143370538	0.095493936	0.155559868	0.418993091	0.391928173	0.523593058	6	6	6	6	6	6	6	6	6	6
ZM009-03	B	16/04/2021	lat:vert	0.858803576	0.459138764	0.458946674	0.51167266	0.585186011	0.513501512	0.51507854	0.436668342	0.482721821	0.481602011	0.29414333	0.119376841	0.181772601	0.112494529	0.111877423	0.063227425	0.103846981	0.041017919	0.064150885	0.104178626	6	6	6	6	6	6	6	6	6	6
ZM009-03	B	26/04/2021	lat:vert	1.088662705	0.4313462	0.437444558	0.477069291	0.552052872	0.515709332	0.472528991	0.427285792	0.467123927	0.411455274	0.338986069	0.103799122	0.174241008	0.068223844	0.110338175	0.083549408	0.107379652	0.031043503	0.083293743	0.07720871	6	6	6	6	6	6	6	6	6	6
ZM009-03	C	19/03/2021	lat:vert	0.345545057	0.480563136	0.614679225	1.233616408	1.516790462	NA	NA	NA	NA	0.513948868	0.208098295	0.343789381	0.599661999	NA	NA	NA	NA	NA	NA	NA	3	2	2	1	1	0	0	0	0	1
ZM009-03	C	26/03/2021	lat:vert	0.801674945	0.523422279	0.528040627	0.697600115	0.779755405	0.800864371	0.673614295	1.067340023	0.451290753	3.879381829	0.513863041	0.177556947	0.22094191	0.224005609	0.162248547	0.194820975	0.258966634	0.874009961	0.347393338	2.021192586	6	6	6	6	5	5	5	4	6	6
ZM009-03	C	02/04/2021	lat:vert	0.554526827	0.545448945	0.505705369	0.698166746	0.703916565	0.703077007	0.58880667	0.592191966	0.259959562	0.749162332	0.219223914	0.13667528	0.060570343	0.146749733	0.101451321	0.204343665	0.197694522	0.266604771	0.139041854	0.332144719	6	6	6	6	6	6	6	6	6	6
ZM009-03	C	09/04/2021	lat:vert	0.735493874	0.505810823	0.515878181	0.583756802	0.705852119	0.73195327	0.682266999	0.768863039	0.76071697	1.041567975	0.41467008	0.143606139	0.151611101	0.197806634	0.156674435	0.260516058	0.171471013	0.237281783	0.264385867	0.463772402	6	6	6	6	6	6	6	6	6	6
ZM009-03	C	16/04/2021	lat:vert	0.514938651	0.454388595	0.41272774	0.499376236	0.599780649	0.595163152	0.50864756	0.533601537	0.516177309	0.542422349	0.22819543	0.183121351	0.058176234	0.138208468	0.113669572	0.180416766	0.18164641	0.106355408	0.149321798	0.100666776	6	6	6	6	6	6	6	6	6	6
ZM009-03	C	26/04/2021	lat:vert	0.699869288	0.482964274	0.393554104	0.432692167	0.547313709	0.535890999	0.488881401	0.505545958	0.470406529	0.491695823	0.275586245	0.288525312	0.092211232	0.071461205	0.113942314	0.146203125	0.144376034	0.074124447	0.125105798	0.101661651	6	6	6	6	6	6	6	6	6	6
ZM009-03	D	19/03/2021	lat:vert	NA	1.170238642	NA	0.715833956	1.23413816	NA	NA	NA	0.307025724	NA	NA	NA	NA	NA	NA	NA	NA	NA	NA	NA	0	1	0	1	1	0	0	0	1	0
ZM009-03	D	26/03/2021	lat:vert	0.590197275	0.568877478	0.678521894	0.690620531	0.850056344	0.941902459	0.942254929	1.375266573	0.521418844	3.84625728	0.265927834	0.200898048	0.417869011	0.369582343	0.223079603	0.800488371	0.517664447	0.390947418	0.298043946	1.537724341	6	6	6	6	6	6	6	4	5	6
ZM009-03	D	02/04/2021	lat:vert	0.690154163	0.48646108	0.542925991	0.623234035	0.687672714	0.661837153	0.570054061	0.737218681	0.575191671	0.656089659	0.172620801	0.196282502	0.168808642	0.155289229	0.377176448	0.137038871	0.188087733	0.472959451	0.383483202	0.286411654	6	6	6	6	6	6	6	6	6	6
ZM009-03	D	09/04/2021	lat:vert	0.780189105	0.508372417	0.5376895	0.606284231	0.627487871	0.648898583	0.670240319	0.756672243	0.745685666	0.900063437	0.217008546	0.206492948	0.183536643	0.248501803	0.274394358	0.202096793	0.309823644	0.407896517	0.300018056	0.569201353	6	6	6	6	6	6	6	6	6	6
ZM009-03	D	16/04/2021	lat:vert	0.758431135	0.408992084	0.418225677	0.486931979	0.524792405	0.534755311	0.501208088	0.523258565	0.570143612	0.485788179	0.278449984	0.110364774	0.10204944	0.092619216	0.180385074	0.128551169	0.099248359	0.09476208	0.197644316	0.091246619	6	6	6	6	6	6	6	6	6	6
ZM009-03	D	26/04/2021	lat:vert	0.77747301	0.404748395	0.389687711	0.46939938	0.511650157	0.513610997	0.47469633	0.490767902	0.487603986	0.429774038	0.212633214	0.128595218	0.099162565	0.096086642	0.186086189	0.140023903	0.09751182	0.072936411	0.141145843	0.086401392	6	6	6	6	6	6	6	6	6	6
ZM009-04	A	19/03/2021	lat:vert	0.728751755	0.868320408	0.653463735	0.66490858	0.679553244	0.712869221	0.78076931	0.967822578	0.269647496	0.641876981	0.255230274	0.315759173	0.332913392	0.053350877	0.032885456	0.209985869	0.127655266	NA	0.123501953	0.00956281	6	5	6	2	3	3	2	1	2	2
ZM009-04	A	26/03/2021	lat:vert	0.68227596	0.723671619	0.737989028	0.809594802	0.889993352	0.747672284	0.825817678	0.822186102	0.54109162	3.31560825	0.268217384	0.362182843	0.357325204	0.145516257	0.506038117	0.288465165	0.392191742	0.249144404	0.279668988	1.43431597	6	6	6	6	6	6	6	4	6	6
ZM009-04	A	02/04/2021	lat:vert	0.709193317	0.80891206	0.751467453	0.800991841	0.678870607	0.597053364	0.546817891	0.700900823	0.48457402	2.453158418	0.26072692	0.227065359	0.257191616	0.160221089	0.227969001	0.27856604	0.269153557	0.407790316	0.559717542	1.61996971	6	6	6	6	6	6	6	5	5	6
ZM009-04	A	09/04/2021	lat:vert	0.647256351	0.97494869	0.9233905	0.977471773	0.870819027	0.818375794	0.812004468	1.016187043	0.619774221	1.60815407	0.226862316	0.231231789	0.233231869	0.088967669	0.246816771	0.223284467	0.23585508	0.431173995	0.186151819	1.065065449	6	6	6	6	6	6	6	6	6	6
ZM009-04	A	16/04/2021	lat:vert	0.555371999	0.688124869	0.787567987	0.869724634	0.745419068	0.635097157	0.663133009	0.729895179	0.481941449	1.343409245	0.236735928	0.218030543	0.368656763	0.182636288	0.260638727	0.182037609	0.168143323	0.310262276	0.101541409	0.500826885	6	6	6	6	6	6	6	6	6	6
ZM009-04	A	26/04/2021	lat:vert	0.501012967	0.642926447	0.753310607	0.813158373	0.697136413	0.602438971	0.589195222	0.651660876	0.580965659	0.698011712	0.195978446	0.213476835	0.299853905	0.259361151	0.266893838	0.169431704	0.141345834	0.163603584	0.164278223	0.231830889	6	6	6	6	6	6	6	6	6	6
ZM009-04	B	19/03/2021	lat:vert	0.526278499	0.68371492	0.65243341	0.528160947	0.475506969	NA	NA	NA	NA	NA	0.389973898	0.28068129	0.058655908	0.379896589	NA	NA	NA	NA	NA	NA	3	5	3	3	1	0	0	0	0	0
ZM009-04	B	26/03/2021	lat:vert	1.107830079	0.940548763	1.17432482	0.932347714	0.964737397	0.823479467	1.138206246	1.098887185	0.446697437	2.574058458	0.7669267	0.447173673	0.314418384	0.295697824	0.482491701	0.293676817	0.568149151	0.550576728	0.378147682	0.955599303	5	6	6	6	6	6	6	6	6	6
ZM009-04	B	02/04/2021	lat:vert	1.66219254	1.01737532	0.983427279	0.965948945	0.785203157	0.620076073	0.621651163	0.794775215	0.529352123	2.229045763	1.56165335	0.556118446	0.417610501	0.284431662	0.241429262	0.266405171	0.220612826	0.444121149	0.330769741	1.587229119	6	6	6	6	6	6	6	6	6	6
ZM009-04	B	09/04/2021	lat:vert	1.166309717	1.20197312	1.17282358	1.158488037	1.074377998	0.893863455	1.032421132	0.973979907	1.021432343	1.748926876	0.465051135	0.416980314	0.490921287	0.171789732	0.181267652	0.163289478	0.211394892	0.2746681	0.270402722	0.873344887	6	6	6	6	6	6	6	6	6	6
ZM009-04	B	16/04/2021	lat:vert	1.041475501	0.926460221	0.890549592	0.955979818	0.83641551	0.638446272	0.834863788	0.610045431	0.781359939	1.425487773	0.397700592	0.41049719	0.308684154	0.205202935	0.126978864	0.198145509	0.23142156	0.102583499	0.113708918	0.583012861	6	6	6	6	6	6	6	6	6	6
ZM009-04	B	26/04/2021	lat:vert	1.09823	0.753198397	0.80614786	0.834595162	0.752125393	0.616322433	0.831297552	0.612700657	0.703608102	0.824024969	0.391501054	0.165728898	0.309983865	0.107330497	0.131672734	0.086363319	0.258769515	0.137131624	0.105685805	0.341879589	6	6	6	6	6	6	6	6	6	6
ZM009-04	C	19/03/2021	lat:vert	0.282993699	0.504073458	NA	NA	1.345538767	0.729018017	0.69890056	NA	0.109783893	0.408619071	0.14900753	NA	NA	NA	NA	NA	NA	NA	NA	NA	3	1	0	0	1	1	1	0	1	1
ZM009-04	C	26/03/2021	lat:vert	1.281416279	0.594200797	0.678031367	0.745594382	0.749568795	0.659901523	0.827801946	0.84285319	0.375437077	3.784248696	1.477533254	0.440439929	0.324554254	0.248726405	0.499448254	0.13909437	0.703103616	0.17520342	0.347229308	2.01704822	5	6	6	6	5	6	4	4	6	6
ZM009-04	C	02/04/2021	lat:vert	0.609256774	0.682512337	0.666970688	0.710344416	0.630323133	0.711010925	0.64023623	0.62866898	0.475704524	2.824822566	0.194912681	0.279369391	0.30108901	0.189082995	0.384296767	0.145019529	0.496784427	0.401310591	0.390070236	2.77273066	6	6	6	6	6	6	6	6	6	6
ZM009-04	C	09/04/2021	lat:vert	0.882201369	0.88251173	0.918195856	1.018308777	0.940179248	0.888423689	0.867723461	1.10195232	0.962125753	1.54585237	0.098887544	0.242955797	0.268572991	0.229677029	0.390936359	0.105081475	0.117590515	0.278910242	0.459674014	0.556358807	6	6	6	6	6	6	6	6	6	6
ZM009-04	C	16/04/2021	lat:vert	0.90680146	0.630269081	0.675628922	0.853466324	0.893439256	0.751421922	0.61667761	0.767201955	0.628326023	1.243706249	0.180636966	0.193013648	0.241435881	0.294038721	0.460781342	0.124143875	0.150657079	0.251600693	0.309215487	0.409694282	6	6	6	6	6	6	6	6	6	6
ZM009-04	C	26/04/2021	lat:vert	0.923562851	0.563751602	0.639327596	0.803824359	0.882985845	0.760342563	0.650432206	0.775435766	0.826789181	0.884825224	0.151242389	0.102835318	0.190147849	0.265405204	0.448943557	0.137492783	0.128104978	0.185499326	0.41643365	0.215757758	6	6	6	6	6	6	6	6	6	6
ZM009-04	D	19/03/2021	lat:vert	0.803183551	0.685384656	0.619139388	0.769823885	0.731046146	1.138761621	NA	NA	0.127531883	NA	0.3269875	0.292041519	0.15362629	0.415264625	0.643655942	NA	NA	NA	0.011342926	NA	4	6	5	2	2	1	0	0	2	0
ZM009-04	D	26/03/2021	lat:vert	0.65866441	0.686973217	0.85228774	1.034425669	0.930189835	0.791132811	0.902453154	1.223768201	0.427588905	4.664994986	0.392529245	0.3449471	0.419987003	0.197413353	0.128921216	0.484460148	0.665666846	0.882625781	0.239081049	4.42843326	5	6	6	6	6	6	4	5	6	6
ZM009-04	D	02/04/2021	lat:vert	0.974074167	0.768129141	0.921361862	0.876784686	0.799562389	0.847815584	0.697993653	0.799719479	0.421767197	1.654745219	0.520046525	0.264597248	0.394051848	0.170824191	0.195631639	0.410234833	0.620153258	0.240427628	0.434316321	0.901848715	6	6	6	6	6	6	6	5	6	6
ZM009-04	D	09/04/2021	lat:vert	1.032629768	0.897340731	1.066457707	1.063249101	0.986132679	0.986636732	0.903362038	1.126847908	0.851932999	1.297642495	0.341071258	0.294486169	0.451418367	0.287853546	0.309650813	0.258767316	0.22981876	0.498299126	0.46250536	0.569203448	6	6	6	6	6	6	6	6	6	6
ZM009-04	D	16/04/2021	lat:vert	0.829275237	0.660167011	0.837116346	0.828306953	0.869126414	0.755476779	0.687594804	0.747842584	0.633995315	1.152172389	0.282090517	0.306497373	0.4197284	0.170254659	0.342908188	0.327797921	0.179043652	0.20436122	0.342415352	0.368877636	6	6	6	6	6	6	6	6	6	6
ZM009-04	D	26/04/2021	lat:vert	0.813775339	0.591499565	0.775301785	0.797406524	0.725641729	0.747789784	0.711144627	0.773022851	0.690752176	0.732336202	0.269895331	0.318000449	0.406149164	0.179413298	0.253209878	0.214713324	0.173257088	0.313693955	0.211308302	0.180704931	6	6	6	6	6	6	6	6	6	6
ZM009-05	A	19/03/2021	lat:vert	0.500286253	0.731149757	0.674001663	0.83920578	0.905789268	0.787347802	1.017212574	0.603226688	0.5219555	1.032680874	0.094219383	0.34748089	0.210009654	0.343844011	0.168011544	0.325898519	0.381527672	0.565320924	0.457596506	NA	6	6	4	3	4	4	2	2	3	1
ZM009-05	A	26/03/2021	lat:vert	0.483278479	0.547056876	0.5423795	0.72513404	0.72842188	0.813960886	0.690166773	0.809166018	0.621162536	3.024512101	0.166646786	0.232481018	0.196465303	0.160676432	0.203455727	0.163137223	0.374041834	0.488745502	0.344154736	1.589548762	6	6	6	6	6	6	6	6	6	6
ZM009-05	A	02/04/2021	lat:vert	0.394177887	0.448789271	0.597680746	0.613850284	0.717827208	0.648084427	0.493551156	0.468619668	0.440106952	0.701029018	0.043615613	0.057514432	0.16905136	0.246749895	0.297523017	0.181134289	0.266245655	0.232368975	0.161246584	0.328919082	6	6	6	6	6	6	6	6	6	6
ZM009-05	A	09/04/2021	lat:vert	0.381017886	0.383601763	0.598101139	0.725344108	0.827850269	0.795379759	0.669304145	0.66763777	0.640143052	0.647169648	0.079289666	0.101601333	0.223830398	0.2168451	0.333158831	0.261305639	0.141502766	0.22363776	0.367351333	0.307657159	6	6	6	6	6	6	6	6	6	6
ZM009-05	A	16/04/2021	lat:vert	0.412363872	0.337060758	0.422397156	0.446972655	0.486690439	0.523798265	0.430652176	0.392885528	0.31218832	0.317917654	0.07989942	0.061406288	0.0566928	0.182105319	0.150996118	0.073454798	0.100326881	0.072333701	0.043356522	0.031576869	6	6	6	6	6	6	6	6	6	6
ZM009-05	A	26/04/2021	lat:vert	0.449989539	0.386107676	0.408458274	0.473585737	0.516353499	0.563831543	0.459406555	0.436074174	0.339349496	0.382470855	0.09582511	0.087567612	0.080141036	0.159649717	0.18697429	0.09459775	0.191305267	0.063858392	0.088829319	0.02271512	6	6	6	6	6	6	6	6	6	6
ZM009-05	B	19/03/2021	lat:vert	0.315075515	0.61625911	0.648467549	0.769592134	0.65791967	0.767347398	0.847433688	NA	0.097511468	NA	0.326769378	0.272552397	0.213690981	0.147213796	0.429154304	NA	NA	NA	NA	NA	2	6	5	5	2	1	1	0	1	0
ZM009-05	B	26/03/2021	lat:vert	0.800372018	0.546413056	0.50711527	0.691566868	0.652625314	0.613186982	0.707980085	0.810170548	0.5983768	3.141492209	0.414757727	0.203383329	0.198385715	0.193566627	0.200299478	0.425130342	0.336004168	0.378281893	0.511640965	0.917819453	6	6	6	6	6	6	6	5	6	6
ZM009-05	B	02/04/2021	lat:vert	0.704104178	0.367113501	0.391691392	0.438974193	0.568229224	0.581518013	0.532521701	0.559902555	0.368874387	0.591553302	0.095479901	0.090121456	0.054834398	0.132715551	0.158992725	0.185578946	0.256239473	0.228339164	0.162074654	0.230455705	6	6	6	6	6	6	6	6	6	6
ZM009-05	B	09/04/2021	lat:vert	0.941524953	0.4380912	0.499297993	0.593890647	0.655867154	0.670479224	0.664210993	0.659344151	0.641704842	0.647182492	0.128712388	0.043293075	0.129524471	0.182257996	0.192458173	0.298018466	0.249556598	0.233818771	0.286677619	0.340472549	6	6	6	6	6	6	6	6	6	6
ZM009-05	B	16/04/2021	lat:vert	0.903674307	0.32979158	0.319784793	0.357962125	0.404858673	0.385878127	0.410492248	0.400595312	0.320392456	0.329654219	0.186947318	0.059688486	0.04842226	0.087486124	0.083704585	0.075896988	0.060114374	0.082285938	0.05917838	0.080368866	6	6	6	6	6	6	6	6	6	6
ZM009-05	B	26/04/2021	lat:vert	1.070209255	0.441660315	0.337492996	0.375526986	0.413871388	0.424237549	0.469477816	0.459267264	0.363736096	0.37652997	0.209832379	0.165057297	0.082294455	0.103922887	0.086542512	0.112364654	0.070364205	0.124141115	0.075165099	0.091444301	6	6	6	6	6	6	6	6	6	6
ZM009-05	C	19/03/2021	lat:vert	0.756881825	0.405530855	0.48986051	0.669173973	0.683515159	0.898649105	0.890131066	0.927694614	0.386727096	0.568641644	0.720316763	NA	0.021111756	0.641700586	0.324416538	NA	NA	NA	0.394263396	NA	4	1	2	3	2	1	1	1	2	1
ZM009-05	C	26/03/2021	lat:vert	1.026156496	0.335750073	0.375787903	0.382973652	0.53651801	0.78630281	0.574354378	0.736346428	0.430581645	3.878466283	0.720003762	0.219311975	0.195936919	0.187209612	0.192241127	0.333296007	0.275938058	0.486911374	0.311513872	1.458856714	6	6	6	6	6	6	6	5	6	6
ZM009-05	C	02/04/2021	lat:vert	1.005163537	0.489766777	0.432774904	0.456655502	0.451847583	0.501365031	0.531467493	0.426343762	0.387692979	0.652374655	0.532807315	0.159744665	0.085994687	0.164924959	0.143380729	0.13691757	0.176266659	0.180572744	0.112795588	0.285836265	6	6	6	6	6	6	6	6	6	6
ZM009-05	C	09/04/2021	lat:vert	1.079012599	0.608182415	0.566016306	0.56928442	0.572324288	0.631886219	0.686316441	0.588490533	0.62639204	0.671166873	0.245497095	0.158261035	0.158330962	0.150594604	0.143868123	0.146210168	0.199511705	0.16725091	0.313104042	0.408201566	6	6	6	6	6	6	6	6	6	6
ZM009-05	C	16/04/2021	lat:vert	1.008534437	0.460568377	0.405268336	0.422836014	0.401631867	0.454858598	0.439782994	0.38509441	0.310366214	0.311534618	0.262735824	0.164313154	0.051266372	0.099073447	0.049603711	0.065193246	0.064255994	0.06324847	0.051730665	0.066630724	6	6	6	6	6	6	6	6	6	6
ZM009-05	C	26/04/2021	lat:vert	0.936964925	0.694638645	0.456552014	0.469637299	0.443191144	0.490570883	0.503780782	0.445541143	0.356406255	0.356488254	0.116984145	0.306171774	0.04792376	0.151566661	0.058454463	0.085414801	0.080935291	0.099720483	0.050602166	0.079187323	6	6	6	6	6	6	6	6	6	6
ZM009-05	D	19/03/2021	lat:vert	0.733526237	0.717088871	0.563260493	0.858567744	1.128474238	0.913540412	0.891003254	0.959542869	0.165159549	NA	0.675877447	0.356348228	0.029863523	0.360083259	NA	NA	NA	NA	0.062719419	NA	2	4	4	2	1	1	1	1	2	0
ZM009-05	D	26/03/2021	lat:vert	0.84572789	0.54825375	0.532942913	0.657094744	0.727440101	0.566463031	0.645876149	0.783725956	0.544335692	2.810939998	0.532734773	0.171375912	0.098307088	0.158695974	0.28299771	0.260441768	0.305990513	0.423068509	0.365775675	1.273035145	6	6	6	6	6	6	6	6	6	6
ZM009-05	D	02/04/2021	lat:vert	0.747417101	0.505045093	0.514518801	0.483376829	0.519892415	0.464724533	0.451040042	0.484058721	0.364925303	0.622372804	0.4751276	0.059474962	0.092965649	0.14543991	0.209555558	0.191654758	0.155807108	0.122993207	0.192204798	0.214758031	6	6	6	6	6	6	6	6	6	6
ZM009-05	D	09/04/2021	lat:vert	0.779217616	0.548647112	0.571305142	0.579050595	0.616903019	0.576656845	0.553334597	0.648144039	0.598043347	0.633597143	0.290718396	0.107249139	0.120050761	0.204227243	0.196112417	0.121546602	0.191375088	0.262232538	0.19006865	0.252229943	6	6	6	6	6	6	6	6	6	6
ZM009-05	D	16/04/2021	lat:vert	0.852863496	0.438841923	0.42746157	0.420534156	0.462062591	0.406934727	0.37956214	0.351384555	0.361005432	0.341182521	0.250485688	0.08709705	0.095329282	0.146651959	0.128074917	0.076042559	0.019295204	0.077373158	0.11270759	0.019299043	6	6	6	6	6	6	6	6	6	6
ZM009-05	D	26/04/2021	lat:vert	0.967912313	0.528192993	0.462624732	0.465002425	0.556743047	0.440631062	0.412843917	0.386560958	0.389010933	0.38856394	0.124910449	0.14334591	0.079777306	0.152545061	0.195695476	0.127858664	0.063083751	0.119141666	0.100476763	0.026849681	6	6	6	6	6	6	6	6	6	6
ZM009-06	A	19/03/2021	lat:vert	0.605562543	0.521778881	0.424404494	0.775875807	1.039169207	0.789190672	0.640560324	0.824590885	0.347083359	0.538888996	0.319684159	0.240237424	0.2883154	0.062062594	0.173142774	0.217123686	0.263940297	NA	0.25722761	0.025097448	6	6	4	3	3	2	3	1	2	2
ZM009-06	A	26/03/2021	lat:vert	0.40422296	0.411421679	0.363345481	0.382178299	0.479813639	0.639901587	0.627608964	0.706643912	0.452212676	2.28287681	0.141486079	0.090562595	0.083904238	0.063731927	0.152142598	0.340990607	0.280374572	0.394366931	0.391094518	1.147058385	6	6	6	6	6	6	6	5	6	6
ZM009-06	A	02/04/2021	lat:vert	0.313532167	0.305096583	0.378870273	0.419637337	0.386703714	0.447363535	0.50623887	0.372040735	0.345917873	0.397101614	0.119090715	0.086303987	0.072091256	0.090568719	0.092065538	0.044865847	0.245485843	0.081190792	0.141891366	0.188269243	6	6	6	6	6	6	6	6	6	6
ZM009-06	A	09/04/2021	lat:vert	0.286893076	0.212981387	0.351904329	0.423218981	0.443383285	0.438813307	0.470098788	0.384945621	0.364701629	0.326641775	0.067135323	0.093292091	0.077723285	0.103420088	0.151229052	0.18671191	0.158157706	0.173302	0.169371163	0.130026846	6	6	6	6	6	6	6	6	6	6
ZM009-06	A	16/04/2021	lat:vert	0.411820626	0.220864391	0.29416393	0.326301015	0.346209937	0.378733502	0.403239538	0.296771538	0.268200543	0.260561368	0.143910895	0.083326818	0.04519394	0.045931792	0.050652222	0.011191032	0.083120153	0.021891822	0.044320185	0.058173065	6	6	6	6	6	6	6	6	6	6
ZM009-06	A	26/04/2021	lat:vert	0.411436142	0.217307365	0.294162912	0.328660608	0.373625029	0.406698538	0.423693799	0.317852132	0.284786869	0.297634755	0.120462021	0.082536463	0.049018426	0.049172412	0.070106902	0.016955821	0.08572246	0.016938967	0.037849541	0.055889889	6	6	6	6	6	6	6	6	6	6
ZM009-06	B	19/03/2021	lat:vert	0.498026028	0.770782874	0.637163001	0.564217577	0.240808101	0.666943427	NA	NA	0.20874265	1.299971112	0.357896861	0.26578662	0.393850023	0.574612019	NA	0.012920173	NA	NA	0.116972709	NA	6	5	5	4	1	2	0	0	2	1
ZM009-06	B	26/03/2021	lat:vert	0.523209415	0.420225763	0.4958147	0.631740642	0.520745076	0.563286109	0.480409717	0.641515371	0.364654143	2.328636086	0.212470624	0.180330508	0.114428378	0.19174691	0.257620772	0.111659484	0.161227351	0.171623006	0.266686183	1.179441465	6	6	6	6	6	6	6	5	5	6
ZM009-06	B	02/04/2021	lat:vert	0.637432751	0.371252077	0.419227057	0.493197867	0.502968648	0.53088366	0.440442059	0.369146129	0.383233377	0.571076086	0.233831813	0.130641593	0.094901218	0.080252128	0.101642623	0.139511886	0.165825632	0.139442639	0.148159469	0.132525186	6	6	6	6	6	6	6	6	6	6
ZM009-06	B	09/04/2021	lat:vert	0.744974668	0.412848838	0.427036208	0.470035594	0.474338529	0.462626987	0.431673336	0.419677477	0.426627885	0.361721537	0.251095822	0.15012206	0.131509694	0.086750431	0.146469851	0.109680718	0.141311013	0.221612555	0.267076662	0.143743323	6	6	6	6	6	6	6	6	6	6
ZM009-06	B	16/04/2021	lat:vert	0.661315816	0.359689886	0.372464049	0.404102435	0.427198094	0.396536521	0.348295383	0.313121026	0.29984125	0.292771605	0.193584471	0.128144629	0.05713772	0.044502874	0.119742723	0.065933733	0.098291596	0.07410102	0.06872949	0.051764765	6	6	6	6	6	6	6	6	6	6
ZM009-06	B	26/04/2021	lat:vert	0.687837701	0.370846315	0.374234367	0.418040268	0.449939531	0.430966597	0.376841253	0.330635302	0.31666679	0.337395709	0.204875309	0.107587442	0.059793148	0.075505227	0.101567883	0.072873891	0.109808765	0.072274446	0.068169796	0.046918118	6	6	6	6	6	6	6	6	6	6
ZM009-06	C	19/03/2021	lat:vert	0.530868492	0.60467129	0.343664535	0.350468516	0.7099858	0.390895979	0.577593445	NA	0.130363587	NA	0.545224034	NA	0.169340797	NA	NA	0.018200911	NA	NA	NA	NA	2	1	2	1	1	2	1	0	1	0
ZM009-06	C	26/03/2021	lat:vert	0.638703034	0.284161175	0.345080241	0.35328824	0.300689959	0.371174276	0.556418409	0.552654275	0.410509473	2.449476301	0.472802026	0.085788092	0.127634467	0.18100212	0.099279573	0.199605402	0.154811673	0.267654769	0.236004284	0.923434375	6	6	6	6	6	6	5	5	6	6
ZM009-06	C	02/04/2021	lat:vert	0.574222489	0.380473619	0.349113147	0.411272409	0.393965547	0.398384939	0.474091922	0.564041113	0.447247229	0.515325671	0.131365268	0.106053552	0.055976009	0.073599744	0.073171218	0.119646304	0.137057957	0.203859773	0.057177099	0.05478695	6	6	6	6	6	6	6	6	6	6
ZM009-06	C	09/04/2021	lat:vert	0.682273617	0.412197447	0.390529317	0.417572037	0.401113653	0.39806538	0.467953764	0.48856459	0.467651201	0.381779187	0.226945071	0.093223805	0.119396226	0.100505991	0.142728393	0.136500488	0.136796219	0.257069348	0.230571211	0.143878041	6	6	6	6	6	6	6	6	6	6
ZM009-06	C	16/04/2021	lat:vert	0.757091694	0.336311876	0.331428802	0.373151229	0.345508075	0.348845469	0.404667932	0.401210998	0.343110619	0.337271596	0.298700993	0.078029032	0.079534123	0.050315527	0.055728533	0.056887175	0.025108392	0.08262495	0.074867025	0.061066738	6	6	6	6	6	6	6	6	6	6
ZM009-06	C	26/04/2021	lat:vert	0.978247417	0.408511032	0.362332369	0.384774244	0.368037226	0.369833777	0.428509558	0.428277788	0.36052779	0.372522409	0.304203665	0.112103785	0.116666959	0.071095194	0.052907968	0.057184186	0.034427171	0.109818413	0.088193992	0.067376533	6	6	6	6	6	6	6	6	6	6
ZM009-06	D	19/03/2021	lat:vert	1.190491289	0.747723924	0.829718029	0.902717868	1.170445958	1.207675251	1.061925266	1.022315877	0.329643715	1.21640503	0.847507851	0.387336748	0.170000053	0.466074742	NA	NA	NA	NA	0.337034138	NA	2	6	3	2	1	1	1	1	4	1
ZM009-06	D	26/03/2021	lat:vert	0.658441329	0.326763621	0.409066092	0.362239398	0.448239558	0.487722314	0.711288356	0.646591467	0.425547442	2.80317593	0.240752293	0.099152963	0.208161872	0.126813755	0.267068095	0.21604479	0.585031781	0.337698668	0.437727876	0.795152977	6	6	6	6	6	6	5	4	6	6
ZM009-06	D	02/04/2021	lat:vert	0.716403083	0.303190941	0.39102526	0.379950932	0.42101327	0.403680745	0.424864837	0.351334895	0.354299517	0.486317609	0.154314291	0.049127953	0.144849457	0.040456779	0.059353593	0.112118975	0.105666991	0.166396207	0.171750785	0.134573635	6	6	6	6	6	6	6	6	6	6
ZM009-06	D	09/04/2021	lat:vert	0.737587294	0.340329515	0.398646805	0.394217557	0.406476221	0.404645674	0.393480385	0.392334023	0.38285154	0.344726296	0.231147734	0.087606789	0.114142391	0.067059215	0.091933095	0.166852298	0.144834609	0.175778362	0.139961902	0.155882552	6	6	6	6	6	6	6	6	6	6
ZM009-06	D	16/04/2021	lat:vert	0.840156348	0.281781829	0.381919646	0.351739719	0.361278404	0.370375064	0.351760607	0.334245236	0.299052692	0.299593514	0.260852235	0.074229222	0.170814501	0.048233403	0.042344877	0.058720147	0.052914603	0.068284338	0.058756537	0.05031831	6	6	6	6	6	6	6	6	6	6
ZM009-06	D	26/04/2021	lat:vert	0.896878984	0.312366996	0.382370091	0.382430441	0.394120706	0.407941154	0.377631732	0.348117371	0.315095011	0.341986501	0.215364061	0.073269627	0.176779268	0.072088027	0.061523759	0.079320483	0.055341187	0.074797654	0.05902172	0.046890903	6	6	6	6	6	6	6	6	6	6
ZM009-07	A	19/03/2021	lat:vert	0.54006465	0.558264719	0.897515835	0.991661646	0.819630144	0.763973761	0.890500322	0.671700059	0.486154168	1.167376203	0.254152804	0.259376038	0.347144161	0.409091701	0.325855039	0.337096889	NA	0.354584489	0.467133961	0.275055716	6	6	4	4	4	4	1	2	4	2
ZM009-07	A	26/03/2021	lat:vert	0.480487242	0.450466935	0.469138603	0.524391278	0.503694442	0.76229984	0.715548445	0.817314961	0.712629377	2.550363895	0.111265571	0.096283384	0.137308661	0.119565124	0.218482166	0.225804676	0.202763464	0.338873006	0.326427642	1.144324873	6	6	6	6	4	5	5	5	6	6
ZM009-07	A	02/04/2021	lat:vert	0.398468224	0.361092113	0.448250408	0.453098995	0.382884046	0.362420082	0.449626448	0.332266638	0.344907907	0.472021301	0.103902911	0.075696236	0.130696605	0.118184326	0.075356519	0.119455509	0.107611073	0.134618179	0.125792182	0.103401674	6	6	6	6	6	6	6	6	6	6
ZM009-07	A	09/04/2021	lat:vert	0.420297985	0.39567381	0.51745753	0.551963972	0.554019827	0.535721648	0.640171376	0.594839246	0.586185973	0.543353091	0.081543029	0.090413282	0.126680521	0.177272095	0.196460677	0.234483279	0.290244629	0.304340264	0.264682688	0.186851563	6	6	6	6	6	6	6	6	6	6
ZM009-07	A	16/04/2021	lat:vert	0.480023131	0.352062882	0.400816603	0.388200544	0.389231043	0.36182869	0.395948709	0.348726983	0.308959708	0.298280274	0.061443165	0.109856901	0.101375058	0.078575437	0.029973855	0.069316669	0.091997748	0.073452025	0.066022336	0.064111497	6	6	6	6	6	6	6	6	6	6
ZM009-07	A	26/04/2021	lat:vert	0.509906185	0.3625819	0.387470075	0.396316876	0.402608342	0.377234482	0.417218549	0.357730948	0.315576624	0.318013808	0.078288372	0.105595494	0.096608241	0.084229849	0.029094627	0.083084951	0.105558478	0.079941769	0.065319547	0.054032251	6	6	6	6	6	6	6	6	6	6
ZM009-07	B	19/03/2021	lat:vert	0.48449742	0.731978164	0.842486327	0.443751527	0.473597147	0.910939098	0.363475026	NA	0.175388687	NA	0.169443175	0.554962406	0.334272532	0.035669703	0.176406605	0.456489866	NA	NA	0.018789395	NA	5	6	5	3	3	2	1	0	2	0
ZM009-07	B	26/03/2021	lat:vert	0.705078912	0.510729473	0.545849709	0.675369701	0.73108394	0.558050046	0.571122182	0.755784579	0.344765544	2.874323392	0.189821767	0.172903706	0.18653718	0.317363323	0.373443033	0.242209687	0.352016299	0.300663611	0.268661874	1.410586665	6	6	6	6	6	6	6	5	6	6
ZM009-07	B	02/04/2021	lat:vert	0.546363714	0.35903264	0.383007775	0.436983108	0.467203482	0.468044729	0.459533115	0.433575736	0.384685419	0.561923645	0.167828076	0.07490591	0.061312599	0.083550183	0.109536341	0.128277837	0.17547606	0.107248024	0.161684735	0.222681485	6	6	6	6	6	6	6	6	6	6
ZM009-07	B	09/04/2021	lat:vert	0.611156752	0.444197114	0.480815673	0.539422923	0.561690169	0.649597322	0.601626548	0.595269882	0.585534572	0.530682505	0.109955896	0.095807472	0.115870206	0.189545175	0.203112417	0.23312208	0.316319094	0.194926059	0.364972216	0.180312243	6	6	6	6	6	6	6	6	6	6
ZM009-07	B	16/04/2021	lat:vert	0.61252946	0.326376734	0.352215817	0.386216681	0.40902502	0.408453274	0.362831671	0.347916933	0.298555382	0.348304308	0.135934307	0.091991629	0.070014535	0.099618621	0.081042782	0.046541708	0.065335456	0.044787015	0.082938535	0.121503083	6	6	6	6	6	6	6	6	6	6
ZM009-07	B	26/04/2021	lat:vert	0.668284794	0.359745026	0.34499549	0.390454461	0.415679563	0.436946171	0.381065403	0.349123237	0.303016467	0.376171435	0.097260009	0.081799592	0.067765526	0.120891669	0.077324173	0.041649148	0.073962359	0.042592733	0.080895079	0.132476566	6	6	6	6	6	6	6	6	6	6
ZM009-07	C	19/03/2021	lat:vert	0.813551049	0.796957622	0.769220907	0.747530698	NA	0.271978078	NA	NA	0.217547417	0.772336793	0.035966496	NA	NA	NA	NA	NA	NA	NA	0.101326839	NA	2	1	1	1	0	1	0	0	3	1
ZM009-07	C	26/03/2021	lat:vert	0.854816955	0.454099178	0.413139667	0.434890047	0.563995651	0.464725323	0.441487929	1.016532132	0.674916089	3.458980514	0.435372197	0.121767497	0.216650907	0.175786193	0.276292519	0.231828463	0.219487416	0.502163195	0.391842078	1.148872034	6	6	6	6	6	6	6	6	6	6
ZM009-07	C	02/04/2021	lat:vert	0.721207932	0.431633084	0.419419293	0.454123156	0.43984061	0.451391322	0.447951266	0.534832032	0.403249717	0.520764566	0.381986482	0.13733469	0.035431404	0.103864253	0.086955872	0.123144341	0.169828076	0.108802469	0.155317124	0.141899434	6	6	6	6	6	6	6	6	6	6
ZM009-07	C	09/04/2021	lat:vert	0.698027693	0.493629605	0.500770123	0.524083982	0.511584657	0.531157738	0.546534971	0.623358533	0.542252789	0.528526605	0.289656978	0.08348682	0.100138614	0.149678899	0.148990629	0.164513353	0.201138328	0.255414498	0.149021296	0.141875722	6	6	6	6	6	6	6	6	6	6
ZM009-07	C	16/04/2021	lat:vert	0.747825551	0.394967117	0.401813645	0.393709377	0.376608978	0.367154757	0.378391533	0.383929581	0.328823923	0.365435825	0.364307669	0.087097576	0.023848402	0.0639445	0.05190111	0.050307407	0.067859501	0.095560386	0.075182667	0.098713025	6	6	6	6	6	6	6	6	6	6
ZM009-07	C	26/04/2021	lat:vert	0.74625365	0.409182886	0.4190628	0.409647277	0.397153744	0.383410723	0.393959239	0.390626834	0.337791134	0.38189172	0.26603549	0.075345102	0.033332164	0.062724272	0.046402941	0.050312698	0.073224813	0.087944783	0.075676479	0.108654928	6	6	6	6	6	6	6	6	6	6
ZM009-07	D	19/03/2021	lat:vert	0.611261966	0.657735541	0.522778219	0.60022299	0.977404573	0.976454177	0.290760496	NA	0.230969804	NA	0.478410821	0.552099506	0.358432055	0.240631783	NA	NA	NA	NA	0.104150618	NA	3	3	4	4	1	1	1	0	2	0
ZM009-07	D	26/03/2021	lat:vert	0.83272427	0.599704305	0.552897228	0.630103977	0.783774117	0.862631921	1.010998558	1.266974117	0.740956032	3.732870841	0.401008245	0.246811958	0.23965682	0.271340649	0.253821774	0.268579614	0.494614186	0.644209262	0.623096272	2.422742652	6	6	6	6	6	6	6	5	5	6
ZM009-07	D	02/04/2021	lat:vert	0.59213548	0.423154955	0.434403252	0.455667245	0.478221674	0.557154317	0.54326659	0.440930055	0.322726852	0.46567125	0.177369949	0.08501737	0.122428503	0.091335326	0.09878361	0.114028613	0.181505338	0.182551893	0.140993251	0.166383734	6	6	6	6	6	6	6	6	6	6
ZM009-07	D	09/04/2021	lat:vert	0.768059593	0.524601491	0.493079239	0.522280749	0.527747805	0.573437538	0.567124482	0.499629518	0.473407875	0.466350379	0.21894495	0.125878106	0.064925714	0.099587356	0.143473224	0.150001872	0.126362524	0.176627428	0.161482612	0.139340856	6	6	6	6	6	6	6	6	6	6
ZM009-07	D	16/04/2021	lat:vert	0.805236209	0.408037002	0.387206637	0.425474708	0.424637671	0.448298932	0.380825963	0.345846884	0.288250558	0.300555035	0.262135359	0.08638681	0.063190574	0.0482405	0.058194109	0.024266942	0.049209274	0.045153853	0.040324816	0.091354279	6	6	6	6	6	6	6	6	6	6
ZM009-07	D	26/04/2021	lat:vert	0.901048207	0.423414488	0.408088327	0.440052667	0.442093346	0.472226706	0.401891609	0.350921754	0.293277471	0.320321495	0.345674797	0.057317648	0.084732878	0.051394718	0.058367638	0.025688436	0.055163943	0.045841054	0.04134096	0.089075403	6	6	6	6	6	6	6	6	6	6
ZM009-08	A	19/03/2021	lat:vert	0.476550274	0.692353139	0.800391214	0.52818508	0.856966779	0.832698718	NA	NA	0.188139871	NA	0.136105735	0.232864171	NA	0.137282842	NA	NA	NA	NA	0.144499345	NA	3	3	1	2	1	1	0	0	2	0
ZM009-08	A	26/03/2021	lat:vert	0.5444047	0.531679932	0.551365093	0.691142895	0.643523792	0.654861557	0.702245261	0.799848169	0.628234993	2.833341334	0.119454719	0.223153708	0.253295449	0.210086164	0.304102256	0.312573581	0.298186648	0.526736575	0.365306221	1.207884361	6	6	6	6	6	6	6	5	6	6
ZM009-08	A	02/04/2021	lat:vert	0.476339971	0.491002628	0.582377912	0.782865886	0.697027389	0.767691663	0.630969106	0.545446197	0.609538679	1.050254109	0.118276934	0.124075877	0.155870311	0.303219378	0.334811746	0.343117578	0.222440922	0.233014026	0.168365569	0.442435935	6	6	6	6	6	6	6	6	6	6
ZM009-08	A	09/04/2021	lat:vert	0.406977185	0.464501215	0.648456703	0.820255137	0.75559116	0.816679986	0.823599106	0.830449485	0.832280059	0.855282775	0.098826619	0.099604704	0.258083384	0.223950137	0.158404335	0.275624605	0.328108919	0.338378308	0.352342856	0.581250614	6	6	6	6	6	6	6	6	6	6
ZM009-08	A	16/04/2021	lat:vert	0.54734624	0.387186985	0.444221863	0.595545608	0.565645724	0.621032588	0.522901688	0.518096246	0.448740094	0.410139791	0.170039745	0.080264624	0.083133153	0.062440378	0.100657212	0.135712722	0.062549004	0.143877829	0.07932736	0.086952889	6	6	6	6	6	6	6	6	6	6
ZM009-08	A	26/04/2021	lat:vert	0.503394771	0.421358189	0.486372748	0.64156252	0.641385896	0.690031378	0.61118668	0.59175653	0.501508423	0.491885466	0.146847186	0.073445019	0.0952076	0.109161689	0.133537415	0.160171013	0.105196659	0.152942887	0.095860307	0.129668485	6	6	6	6	6	6	6	6	6	6
ZM009-08	B	19/03/2021	lat:vert	NA	1.272549642	1.135430325	NA	NA	NA	NA	NA	0.336372354	NA	NA	NA	NA	NA	NA	NA	NA	NA	NA	NA	0	1	1	0	0	0	0	0	1	0
ZM009-08	B	26/03/2021	lat:vert	1.49951134	0.703519042	0.657241904	0.579667356	0.686078933	0.65916238	0.867461734	1.018912294	0.329661586	3.199503095	0.74076334	0.108771776	0.174838793	0.113836629	0.210776207	0.43638264	0.749436778	0.505926525	0.199871342	2.114493674	6	6	6	6	6	6	5	6	6	6
ZM009-08	B	02/04/2021	lat:vert	1.265980945	0.702743886	0.686301558	0.668564018	0.785326082	0.68539205	0.635955795	0.629420396	0.553204447	0.832667811	0.470693347	0.112103197	0.133022987	0.154941751	0.221038454	0.148288309	0.199109189	0.243009305	0.273905631	0.307091277	6	6	6	6	6	6	6	6	6	6
ZM009-08	B	09/04/2021	lat:vert	1.300061649	0.729106572	0.758477466	0.735548468	0.80933508	0.801145689	0.694801164	0.687078165	0.657867129	0.7278645	0.341675303	0.138226801	0.249005952	0.25649692	0.295169259	0.305526798	0.189220545	0.246273969	0.267577462	0.328780678	6	6	6	6	6	6	6	6	6	6
ZM009-08	B	16/04/2021	lat:vert	1.053971491	0.444125552	0.541316394	0.558994669	0.587787084	0.487059916	0.426239158	0.409831156	0.391664406	0.411450698	0.143445014	0.06265315	0.113646566	0.143286409	0.137704421	0.070802829	0.047160064	0.120769526	0.077475136	0.07106596	6	6	6	6	6	6	6	6	6	6
ZM009-08	B	26/04/2021	lat:vert	1.050386108	0.45230094	0.503491727	0.591709532	0.731452294	0.570727639	0.531740711	0.465280006	0.403225448	0.470679065	0.254175415	0.055462816	0.098867993	0.139733255	0.19366912	0.120824658	0.101322908	0.107941921	0.073080101	0.078039259	6	6	6	6	6	6	6	6	6	6
ZM009-08	C	19/03/2021	lat:vert	0.456933973	NA	NA	0.295914054	0.974501603	0.511329663	0.565647043	NA	0.330654696	NA	NA	NA	NA	NA	NA	NA	NA	NA	NA	NA	1	0	0	1	1	1	1	0	1	0
ZM009-08	C	26/03/2021	lat:vert	0.682418625	0.526493642	0.463938737	0.489569507	0.53012936	0.71835534	0.723381556	0.586271382	0.488700009	2.56818332	0.423178456	0.278141826	0.218105667	0.178207827	0.172939578	0.338511755	0.228712503	0.372540755	0.363462678	0.741659351	4	6	6	6	6	6	4	6	6	6
ZM009-08	C	02/04/2021	lat:vert	0.833449075	0.686736034	0.644821755	0.640390908	0.695232716	0.712749854	0.653760075	0.618020708	0.530171229	0.731589515	0.242886488	0.156535057	0.138028172	0.098341063	0.220708967	0.216893849	0.146561205	0.244732672	0.173206742	0.172840175	6	6	6	6	6	6	6	6	6	6
ZM009-08	C	09/04/2021	lat:vert	0.924616682	0.780921743	0.69264037	0.691858611	0.716609716	0.787323684	0.734283785	0.754198127	0.705372846	0.68323451	0.250009065	0.215576911	0.156977113	0.216928177	0.24769313	0.274181096	0.19916858	0.327680425	0.312602053	0.335771915	6	6	6	6	6	6	6	6	6	6
ZM009-08	C	16/04/2021	lat:vert	0.843962435	0.567232344	0.557714392	0.547451058	0.545321573	0.571003383	0.501904275	0.467986876	0.41512463	0.393355187	0.143984292	0.136906369	0.071221017	0.1066413	0.099657408	0.095295166	0.061195189	0.096385659	0.078032601	0.060727144	6	6	6	6	6	6	6	6	6	6
ZM009-08	C	26/04/2021	lat:vert	0.892786728	0.670520159	0.550054276	0.587493426	0.59245273	0.665536075	0.568492523	0.505070947	0.446896624	0.44115285	0.187718512	0.170011225	0.070839589	0.122965163	0.10468366	0.14757326	0.096232114	0.096920368	0.075777137	0.084911915	6	6	6	6	6	6	6	6	6	6
ZM009-08	D	19/03/2021	lat:vert	NA	0.581733926	0.535003154	0.365447901	NA	NA	NA	NA	0.051881466	NA	NA	0.334371878	0.159157693	NA	NA	NA	NA	NA	NA	NA	0	2	2	1	0	0	0	0	1	0
ZM009-08	D	26/03/2021	lat:vert	0.962390246	0.533716051	0.543845143	0.716539393	0.666175843	0.755875669	0.63817696	0.786754297	0.573824769	2.917518499	1.069941356	0.135786078	0.094593846	0.203608757	0.271524869	0.336193098	0.253634528	0.428632786	0.294368653	1.432104696	6	6	6	6	6	6	6	6	6	6
ZM009-08	D	02/04/2021	lat:vert	0.745382299	0.509786998	0.607169967	0.786491056	0.718658913	0.749518046	0.728421365	0.737246593	0.521554772	1.118750455	0.353017529	0.097703069	0.079915983	0.222811476	0.171328014	0.229661826	0.199327542	0.283911508	0.203844288	0.644461212	6	6	6	6	6	6	6	6	6	6
ZM009-08	D	09/04/2021	lat:vert	0.817270884	0.54071652	0.642935679	0.766540907	0.778059609	0.766070246	0.816775901	0.842042128	0.664126087	0.718923595	0.261785434	0.095753805	0.147870335	0.25513062	0.23514325	0.164598614	0.210774735	0.27589354	0.305372491	0.39710227	6	6	6	6	6	6	6	6	6	6
ZM009-08	D	16/04/2021	lat:vert	0.756829037	0.41901143	0.467881272	0.57689599	0.607478091	0.620432744	0.55934062	0.567980249	0.44133403	0.424419438	0.188031143	0.084669847	0.049674844	0.139679072	0.135285917	0.206263825	0.106451733	0.149385765	0.119092417	0.061746722	6	6	6	6	6	6	6	6	6	6
ZM009-08	D	26/04/2021	lat:vert	0.943218464	0.444279047	0.465794384	0.611668402	0.653145167	0.73231447	0.630063483	0.627798969	0.484914986	0.495544995	0.155977578	0.085896121	0.083345573	0.114190661	0.159877659	0.246462201	0.10675361	0.163126227	0.1566256	0.089628968	6	6	6	6	6	6	6	6	6	6
ZM009-09	A	26/03/2021	lat:vert	0.367552528	0.445939863	0.453897766	0.525778821	0.670506533	0.821065597	0.918633097	0.981291766	0.606964377	2.787330017	0.045392053	0.232688512	0.207223734	0.23795919	0.311861609	0.382160283	0.342295472	0.634326356	0.408431709	1.37760282	6	6	6	6	6	5	5	6	5	6
ZM009-09	A	02/04/2021	lat:vert	0.31986241	0.363259331	0.441891154	0.441757865	0.475080303	0.498584694	0.423859737	0.336382802	0.272470076	0.987372341	0.084331476	0.179358942	0.14508721	0.219654623	0.244634449	0.211460529	0.310013625	0.334681065	0.190930891	0.652968922	6	6	6	6	6	6	6	6	6	6
ZM009-09	A	09/04/2021	lat:vert	0.347071082	0.460326358	0.701703259	0.609363161	0.701591211	0.768682695	0.683063158	0.706489376	0.721987598	0.984696531	0.039966182	0.153058405	0.411376722	0.203716647	0.302676972	0.276494388	0.286932752	0.302935537	0.385009244	0.71673445	6	6	6	6	6	6	6	6	6	6
ZM009-09	A	16/04/2021	lat:vert	0.318477299	0.229213946	0.327277657	0.411908431	0.435234511	0.496585589	0.423259876	0.387197528	0.321626761	0.409048837	0.073270177	0.074843337	0.055659053	0.081018524	0.16686711	0.167522568	0.160469546	0.141559895	0.130904285	0.115492889	6	6	6	6	6	6	6	6	6	6
ZM009-09	A	26/04/2021	lat:vert	0.330238609	0.24082309	0.352704078	0.398231315	0.453152998	0.59220215	0.47376677	0.420099284	0.351211087	0.373866381	0.043348641	0.079032449	0.089255836	0.054258324	0.193455539	0.170062753	0.153899172	0.161463153	0.127362777	0.117691301	6	6	6	6	6	6	6	6	6	6
ZM009-09	B	26/03/2021	lat:vert	0.985787279	0.53309388	0.558847477	0.781518213	0.806276447	0.616956243	0.625826637	1.19997486	0.218230821	3.232526988	0.616430875	0.178342793	0.252609178	0.548221704	0.473753676	0.156079666	0.240731018	0.879262954	0.16716749	1.149225355	6	6	6	6	6	6	6	4	6	6
ZM009-09	B	02/04/2021	lat:vert	1.045323984	0.459102918	0.413868086	0.413972293	0.40824723	0.457693903	0.524186798	0.456599345	0.324491483	0.691521577	0.526177424	0.241584744	0.143369302	0.120352024	0.092194284	0.313058573	0.28498625	0.203100926	0.224527385	0.621863831	6	6	6	6	6	6	6	6	6	6
ZM009-09	B	09/04/2021	lat:vert	0.968908251	0.67593828	0.663580423	0.625744903	0.622713907	0.696234906	0.750691581	0.747761651	0.531698817	0.836996882	0.210771184	0.333264	0.337768403	0.31603409	0.286033447	0.31845169	0.386772227	0.52758157	0.225476219	0.585252814	6	6	6	6	6	6	6	6	6	6
ZM009-09	B	16/04/2021	lat:vert	0.889889068	0.378379237	0.350087027	0.41467336	0.382928172	0.421515986	0.416758196	0.362502746	0.274748152	0.41327167	0.267853577	0.099002204	0.107454662	0.127518379	0.151162181	0.15220873	0.127734909	0.130645741	0.077132949	0.144613238	6	6	6	6	6	6	6	6	6	6
ZM009-09	B	26/04/2021	lat:vert	1.186517451	0.530314347	0.465566154	0.452338323	0.460223248	0.468920276	0.544279164	0.406783373	0.301164691	0.343148331	0.277156954	0.126975452	0.202988532	0.135846734	0.165427677	0.176479953	0.250193722	0.135424034	0.063159307	0.097738543	6	6	6	6	6	6	6	6	6	6
ZM009-09	C	26/03/2021	lat:vert	0.675017779	0.488477572	0.402100034	0.42935883	0.365978038	0.526136695	0.633973878	0.457352798	0.259439732	3.838560453	0.33024619	0.291505011	0.237040616	0.227500119	0.186027072	0.347257045	0.554465288	0.413481596	0.166862421	1.764030306	4	6	6	6	6	6	5	3	5	6
ZM009-09	C	02/04/2021	lat:vert	0.809835524	0.406471309	0.375082192	0.427296947	0.448326557	0.450272711	0.522616577	0.482503681	0.352251741	1.0320887	0.319846299	0.183488042	0.151531851	0.135809894	0.126102536	0.213220747	0.285172574	0.255940512	0.192518018	1.066687236	6	6	6	6	6	6	6	6	6	6
ZM009-09	C	09/04/2021	lat:vert	1.008943784	0.533513238	0.467341609	0.564674502	0.583897714	0.642688104	0.700919649	0.699410781	0.494537596	0.922797552	0.20211625	0.129882363	0.164485058	0.288744667	0.237603276	0.17906603	0.332968419	0.355556174	0.175330664	0.732927108	6	6	6	6	6	6	6	6	6	6
ZM009-09	C	16/04/2021	lat:vert	0.98790069	0.359137417	0.369737193	0.384230189	0.381839666	0.387275598	0.355178606	0.312830105	0.253304938	0.425057858	0.257166223	0.094259659	0.086646871	0.153391712	0.11069767	0.09103447	0.076424316	0.065337267	0.070895626	0.093869661	6	6	6	6	6	6	6	6	6	6
ZM009-09	C	26/04/2021	lat:vert	1.052645639	0.592906747	0.471318584	0.507940661	0.458715751	0.48276408	0.51640598	0.410412372	0.272085732	0.476295547	0.17148975	0.166369909	0.087207984	0.12686763	0.10232443	0.108780893	0.118644357	0.080882087	0.037708493	0.085199527	6	6	6	6	6	6	6	6	6	6
ZM009-09	D	26/03/2021	lat:vert	0.564311564	0.393348995	0.370415279	0.580369419	0.590975407	0.998701151	0.635192254	1.00518905	0.377043869	3.486684228	0.371144488	0.223540024	0.168155129	0.319214578	0.345860449	1.013369476	0.531212416	0.957195803	0.338656559	1.371220806	5	6	6	6	6	6	5	5	6	6
ZM009-09	D	02/04/2021	lat:vert	0.565013048	0.348545953	0.385854113	0.446831663	0.427198715	0.517098684	0.398979825	0.616326905	0.355781435	1.724436558	0.364022938	0.219217627	0.140179562	0.175877116	0.209950029	0.182919865	0.283693359	0.677443808	0.274097504	1.762616141	6	6	6	6	6	6	6	6	6	6
ZM009-09	D	09/04/2021	lat:vert	0.884377046	0.528904237	0.541753083	0.653767672	0.681632955	0.709627763	0.695217877	0.721057227	0.525294293	0.815987684	0.264820251	0.294456414	0.295690929	0.361306543	0.330762184	0.312760138	0.441966911	0.345858412	0.193816913	0.556846115	6	6	6	6	6	6	6	6	6	6
ZM009-09	D	16/04/2021	lat:vert	0.628391906	0.276775163	0.310604184	0.407794954	0.438358151	0.526567206	0.424395024	0.42403702	0.281274971	0.319695689	0.288938735	0.166927401	0.084780092	0.055964383	0.107510244	0.173579763	0.126518994	0.124417592	0.089415762	0.045742811	6	6	6	6	6	6	6	6	6	6
ZM009-09	D	26/04/2021	lat:vert	0.85780946	0.400569504	0.310768079	0.372141252	0.475866147	0.591135663	0.481351094	0.480814482	0.313442361	0.381298851	0.321023597	0.227230213	0.10092208	0.108634239	0.098523075	0.200374123	0.093563295	0.137993499	0.073575863	0.076583736	6	6	6	6	6	6	6	6	6	6
