plant_id	face	date	type	mean01	mean02	mean03	mean04	mean05	mean06	mean07	mean08	mean09	mean10	sd01	sd02	sd03	sd04	sd05	sd06	sd07	sd08	sd09	sd10	n01	n02	n03	n04	n05	n06	n07	n08	n09	n10
ZM009-01	A	19/03/2021	vertical	5338.5	1758.666667	1736.666667	1898.25	2632	4052.333333	2019	1054.5	567.3333333	865.5	3359.517391	1258.612464	993.24032	1705.569577	2136.102682	3275.468872	2208.688978	973.6860377	222.9895364	932.6738444	6	3	3	4	4	3	3	2	3	2
ZM009-01	A	26/03/2021	vertical	19696.66667	13076.16667	8652.166667	6266.333333	3207.833333	2724	1774	1801.25	1505.333333	4684.666667	10944.66887	8905.672673	6062.215912	6613.08387	1855.272424	2419.504598	1637.205699	1838.274077	1180.76478	2868.837233	6	6	6	6	6	5	5	4	6	6
ZM009-01	A	02/04/2021	vertical	24471.83333	29751.66667	23694.16667	18939.66667	14097.66667	9630.666667	9022	12348	6920.5	5986.166667	10314.47215	14537.9017	9834.02061	12804.14742	7100.487608	7438.37312	6103.306972	8794.281233	4507.821769	4578.135228	6	6	6	6	6	6	6	6	6	6
ZM009-01	A	09/04/2021	vertical	22391.33333	23917.16667	18999.33333	16327.16667	13359.5	12062.83333	15604.66667	17062.16667	24329.2	26704.83333	7894.287724	14554.63109	11866.13391	11987.08864	8147.207785	7553.160144	10861.27902	12420.80149	15250.10284	25874.56284	6	6	6	6	6	6	6	6	5	6
ZM009-01	A	16/04/2021	vertical	18307	30557.66667	27744.5	30564.16667	28862.66667	27627.66667	39787.66667	44175.66667	57719	88242.5	2839.270047	13183.49583	9876.5678	16556.06629	10667.43324	11710.76426	18569.34321	16053.03221	25703.79579	34438.29805	6	6	6	6	6	6	6	6	6	6
ZM009-01	A	26/04/2021	vertical	16847.16667	23080.16667	27350.66667	28211.5	26103.33333	23792.16667	29624.83333	34378	49728.33333	94852.83333	1400.980145	8946.986876	7580.247639	14567.23807	9495.720292	8995.843872	12329.41261	10969.61802	17146.45503	24823.15433	6	6	6	6	6	6	6	6	6	6
ZM009-01	B	19/03/2021	vertical	561.75	1110	890.4	1061	NA	NA	NA	NA	901	NA	225.0087035	339.9867644	572.2921457	NA	NA	NA	NA	NA	NA	NA	4	3	5	1	0	0	0	0	1	0
ZM009-01	B	26/03/2021	vertical	3386.4	13475	13728.5	9889.333333	7250.333333	5101.666667	1765.6	1895.5	2022.333333	3902.5	1137.83316	8845.610753	8438.695699	6470.943939	6537.415075	4502.892167	1509.922779	1966.621553	2172.257505	2156.624005	5	6	6	6	6	6	5	4	6	6
ZM009-01	B	02/04/2021	vertical	4619.666667	25110.5	33239.16667	26932.83333	18881	17265.5	14682.33333	11443	9701.333333	6687.5	2023.02661	10799.08075	14885.03422	14254.75518	11987.74177	11670.07182	11602.88458	8887.591642	5445.326938	4787.400537	6	6	6	6	6	6	6	6	6	6
ZM009-01	B	09/04/2021	vertical	4477.666667	18219.66667	26185.16667	24455.66667	18733.5	20390	17704.5	15736.16667	19830.33333	31176.6	1161.467463	13405.76875	18874.59642	19589.69985	16270.78621	16978.27775	15428.42763	14307.16358	18501.9209	28187.08454	6	6	6	6	6	6	6	6	6	5
ZM009-01	B	16/04/2021	vertical	3201.833333	22216	46051.5	42200.5	38033.83333	41357.33333	42988.5	39973.33333	48302.33333	79173.33333	1003.689079	9206.582602	20016.74872	20528.53417	20424.69186	21314.76567	22457.8018	20280.60619	23979.88508	26337.28937	6	6	6	6	6	6	6	6	6	6
ZM009-01	B	26/04/2021	vertical	2595.5	13992.16667	37662.5	38491	30302.83333	36148.66667	36518.66667	38168.16667	46997.33333	88054.33333	818.1566476	5452.090293	12932.95902	11831.33085	12180.11217	10377.03173	14239.60437	13633.35345	13376.24461	13979.21748	6	6	6	6	6	6	6	6	6	6
ZM009-01	C	19/03/2021	vertical	480.5	675	653	303	566.5	549	342	NA	528.3333333	NA	81.31727984	NA	NA	NA	133.6431816	NA	NA	NA	75.2351868	NA	2	1	1	1	2	1	1	0	3	0
ZM009-01	C	26/03/2021	vertical	1142.75	5810.4	7081.5	4654.5	5078.166667	4957.333333	1530.6	1000.8	1361.4	2932.333333	1039.076633	4985.725002	6768.737216	4492.859123	5323.128194	5772.35074	1523.661806	555.6812935	728.2240727	1328.685165	4	5	6	6	6	6	5	5	5	6
ZM009-01	C	02/04/2021	vertical	1210.333333	12366.5	21267	24258.16667	19949.33333	18436.5	17050.33333	13360.16667	6081.666667	9361.333333	530.6489109	5871.047462	7483.562334	9443.09753	11264.07863	13340.09275	15683.01548	9141.154619	5614.222819	8695.072321	6	6	6	6	6	6	6	6	6	6
ZM009-01	C	09/04/2021	vertical	2511.5	10216.5	18748.33333	20772.66667	20631.33333	21311.33333	21048	23896.83333	32639.8	33702.33333	935.4532057	6319.335622	12894.26881	17894.91105	17040.95944	19476.26687	20585.79794	22458.22638	35202.81147	34806.47003	6	6	6	6	6	6	6	6	5	6
ZM009-01	C	16/04/2021	vertical	2257.166667	11628.33333	23975.5	32367.66667	37796.33333	43927.33333	48821.5	55907.16667	61548.66667	94052.5	1009.242967	6376.800159	7895.617512	12291.37764	18282.02339	17476.75396	20189.44965	22927.99134	23929.45925	32280.42196	6	6	6	6	6	6	6	6	6	6
ZM009-01	C	26/04/2021	vertical	2651.5	7869.666667	18125.66667	25012.5	31025.33333	33523.5	38614.66667	47092.33333	56880.33333	94417.5	831.8859898	3387.402289	3318.479632	5583.043785	9683.701062	8370.475847	9926.948648	12172.02086	19270.24624	16865.6758	6	6	6	6	6	6	6	6	6	6
ZM009-01	D	19/03/2021	vertical	571.6666667	1542.75	1485	1459.333333	2341	1327	674	NA	843.75	403	323.704083	707.2332831	1158.151976	811.0883635	2176.474672	1112.986074	NA	NA	331.684966	NA	3	4	5	3	2	2	1	0	4	1
ZM009-01	D	26/03/2021	vertical	1808.166667	10421.5	8940.666667	5694	3660.333333	2140.666667	1293.166667	995.8	2454.166667	3895.5	1390.796235	7297.736355	5309.733954	4200.990169	3061.669261	1579.881472	1095.893137	496.4007454	2728.366575	2415.871416	6	6	6	6	6	6	6	5	6	6
ZM009-01	D	02/04/2021	vertical	2926.666667	23139.66667	30303.5	23755.16667	23461.16667	18989.16667	12997.5	7592.5	10750.5	7958.666667	1090.374737	7884.786507	10180.41348	9155.573066	10243.39841	3813.079932	5074.506272	4567.090485	5523.15963	3844.445586	6	6	6	6	6	6	6	6	6	6
ZM009-01	D	09/04/2021	vertical	3996.333333	21147.66667	29784.16667	22780.66667	21424	21438.83333	24026.16667	24984.16667	31178.16667	35314.66667	1487.474459	13995.6932	22015.77121	13267.20381	13938.23982	14709.6172	16481.38578	19366.10825	28907.63084	34259.77513	6	6	6	6	6	6	6	6	6	6
ZM009-01	D	16/04/2021	vertical	2826.833333	25002.5	41185.66667	37824.33333	41600.16667	47918.33333	49066.66667	59783.83333	67708.5	100668.8333	508.6654762	9491.257488	17664.65603	12574.08514	11871.12029	15697.10953	17702.11325	25140.01671	27411.67847	34824.98688	6	6	6	6	6	6	6	6	6	6
ZM009-01	D	26/04/2021	vertical	2585.833333	19738.5	38595	33239.16667	35034	39088.5	38032.33333	46445.5	56256	95963.5	729.5470969	7084.25476	13384.77671	9694.900297	4590.384864	9421.10424	14317.45565	21733.80781	22549.19522	23145.17486	6	6	6	6	6	6	6	6	6	6
ZM009-02	A	19/03/2021	vertical	6141.833333	1223.833333	2557	1051.333333	1449.666667	2587	3634	620	1169	1605.5	1806.529426	905.6532265	780.1461402	847.0680807	1180.049293	3262.590688	NA	NA	135.764502	584.777308	6	6	3	3	3	2	1	1	2	2
ZM009-02	A	26/03/2021	vertical	19821.83333	11455.5	8642	4059.333333	3132	2848.333333	2175.666667	1321.166667	1345.166667	2950	9339.051481	9455.090433	6764.096599	3268.791989	2955.683677	2745.244591	2596.249962	1608.731353	1102.010057	2034.02291	6	6	6	6	6	6	6	6	6	6
ZM009-02	A	02/04/2021	vertical	41452.83333	31519.66667	29369.33333	16673.33333	16672.33333	15695.33333	10520.5	8625.166667	7521.2	5122.4	5666.652536	11769.95413	6179.862997	6059.309257	8415.012363	6455.603199	6198.863436	8874.181842	6754.222065	4389.771611	6	6	6	6	6	6	6	6	5	5
ZM009-02	A	09/04/2021	vertical	35293.5	33584.83333	32719.83333	21922.16667	24578	30292.16667	27148	24410.33333	22875.83333	21944.16667	4190.306469	10029.52221	7998.392124	9490.139881	11789.1372	12937.01402	13283.28483	14091.30554	15149.86996	17201.76527	6	6	6	6	6	6	6	6	6	6
ZM009-02	A	16/04/2021	vertical	30208.83333	34065.16667	42968.16667	35950.16667	43527.66667	56901.5	61389	63315.66667	60945	78589.66667	7052.144849	6797.085652	9707.520578	13645.49153	11802.43518	16781.82008	21069.97381	21166.75004	22399.99813	19337.02804	6	6	6	6	6	6	6	6	6	6
ZM009-02	A	26/04/2021	vertical	27551.5	34922.33333	49410.33333	46016.5	58635.83333	77200.16667	80386.5	84356.83333	83276	100862.3333	6625.256244	5416.215641	10282.52439	9296.027576	14376.88548	13791.8736	18400.72919	22851.95867	11432.75036	20680.74548	6	6	6	6	6	6	6	6	6	6
ZM009-02	B	19/03/2021	vertical	575.3333333	1514.5	716.25	826	NA	NA	NA	NA	493	NA	170.9512601	768.8747189	385.0492393	NA	NA	NA	NA	NA	NA	NA	3	4	4	1	0	0	0	0	1	0
ZM009-02	B	26/03/2021	vertical	3459.166667	12785	7982.166667	3857.333333	1926.333333	1898.5	1330.833333	897	1857.5	2232.333333	2667.721906	8085.101731	5455.953607	1516.202845	817.0419002	1549.802676	1793.043047	688.6994991	2118.88053	1419.7126	6	6	6	6	6	4	6	3	6	6
ZM009-02	B	02/04/2021	vertical	7696.333333	38793.66667	36523.66667	25257.16667	19526	12193.83333	9743.5	6459.166667	9640.333333	7786	3974.067622	14200.80866	14891.1506	7591.875036	11159.71577	11516.57724	6570.140417	4860.967081	5137.871803	5260.168438	6	6	6	6	6	6	6	6	6	6
ZM009-02	B	09/04/2021	vertical	9098	42117.33333	47713	37270.5	32085.16667	27912.5	26731.83333	23216.33333	28111	30646.16667	3698.048999	13445.60493	20388.82266	16047.4085	16968.39633	16942.55195	14516.66323	14534.98594	18977.81628	27756.68967	6	6	6	6	6	6	6	6	6	6
ZM009-02	B	16/04/2021	vertical	8651.166667	45785.83333	59010	54785	56269.5	54849.5	57748.5	56863.66667	67531.5	83458.66667	4012.77512	9873.600385	19491.93481	18467.8214	19714.0149	27942.70322	24423.83438	20797.72627	25905.4288	38898.32923	6	6	6	6	6	6	6	6	6	6
ZM009-02	B	26/04/2021	vertical	6101.333333	40444.16667	67647.16667	64836.33333	69313.83333	75256.33333	78819.33333	75849.16667	89201.33333	103408.5	1533.380405	11643.73128	14525.90572	12583.9691	14714.93002	20314.89557	12870.80008	14897.45443	8544.512758	24510.06929	6	6	6	6	6	6	6	6	6	6
ZM009-02	C	19/03/2021	vertical	437	2034	1191	409	567	NA	NA	NA	774	NA	69.29646456	NA	NA	NA	NA	NA	NA	NA	48.08326112	NA	2	1	1	1	1	0	0	0	2	0
ZM009-02	C	26/03/2021	vertical	2315	7890.666667	5527.333333	3897.833333	2034.5	1412.6	1100.5	1462.5	1288.666667	2362.5	1177.66761	5056.402661	1829.433428	2135.498669	2293.88062	1522.740556	1377.841428	1640.246831	1104.231799	2014.315045	3	6	6	6	6	5	4	4	6	6
ZM009-02	C	02/04/2021	vertical	4674.833333	38298	43659.16667	38148.16667	28386.16667	24102	14331.5	13584.66667	9553.5	4903.333333	4032.947876	6990.412863	12560.72029	10047.29355	6947.405859	14295.33921	7895.832641	6144.427351	4537.42547	3357.386762	6	6	6	6	6	6	6	6	6	6
ZM009-02	C	09/04/2021	vertical	5913.666667	44447.33333	54784.5	49311.66667	44269	40255.16667	32601.5	32255.33333	32441.5	31690.33333	3468.152284	13134.51964	20791.85509	20249.25393	15482.77013	16101.69614	15697.30402	16268.26761	21861.73827	23362.91934	6	6	6	6	6	6	6	6	6	6
ZM009-02	C	16/04/2021	vertical	5108.5	49450	63297.83333	67910.83333	66848	72111.16667	65818	69473.5	72244.83333	87146.33333	3035.406579	6714.029788	17393.12038	19725.71607	14563.98212	19193.72979	19714.9568	23310.41673	22530.27174	22225.38865	6	6	6	6	6	6	6	6	6	6
ZM009-02	C	26/04/2021	vertical	2516.833333	39385.33333	71612.33333	77547.83333	76625.66667	85139.16667	78335.5	89756	86542.33333	103659.1667	1010.669366	8558.016632	15603.26192	19012.88488	8989.198667	11278.80358	9240.659084	15494.45838	11185.38372	24934.17635	6	6	6	6	6	6	6	6	6	6
ZM009-02	D	19/03/2021	vertical	986.75	1869.8	986.75	784.3333333	NA	NA	NA	NA	444	1053	524.3824145	748.8819667	853.5714674	183.5356459	NA	NA	NA	NA	NA	1038.032755	4	5	4	3	0	0	0	0	1	2
ZM009-02	D	26/03/2021	vertical	4020.333333	11953	9760.166667	7052.333333	2723.666667	704.5	435.25	422.3333333	903.1666667	2772.333333	4268.066104	5419.621315	5906.348497	5771.177823	1737.539141	626.4681157	205.7447853	164.4181661	375.4317071	1486.521398	6	6	6	6	6	6	4	3	6	6
ZM009-02	D	02/04/2021	vertical	7928.166667	40667.33333	45007.83333	40792.5	31199.16667	22721.33333	13404.83333	10687.33333	7157.666667	4933.666667	5694.232606	15366.11407	13732.51535	16394.82317	9955.822787	11277.06924	5505.154218	6387.226117	4540.854354	3982.666377	6	6	6	6	6	6	6	6	6	6
ZM009-02	D	09/04/2021	vertical	8113.166667	47260	55469.33333	49429	46411.66667	40778.83333	34425	30351	31481.83333	25467.16667	4121.969695	18675.8855	23860.92368	21820.40245	16737.02333	18263.60387	14045.32863	13426.21291	17805.26241	20534.22432	6	6	6	6	6	6	6	6	6	6
ZM009-02	D	16/04/2021	vertical	6013.333333	49763	65372.83333	63670.83333	69671	69286	68914.66667	73109.5	76997.83333	92409.83333	3416.859357	15211.34128	19843.97072	22066.62163	12097.43383	19403.83985	10477.5507	13170.56137	17305.88024	20084.61896	6	6	6	6	6	6	6	6	6	6
ZM009-02	D	26/04/2021	vertical	5007.833333	44650.83333	70141.16667	73602.83333	81980.83333	86384.83333	82044.83333	84448	88996.33333	109132.1667	2885.707498	9647.567764	16530.70773	19991.16378	10801.81384	10385.9639	14000.05605	13741.93554	16284.53344	21158.61364	6	6	6	6	6	6	6	6	6	6
ZM009-03	A	19/03/2021	vertical	5528.4	1404.4	1065.2	1269.25	987	678	NA	NA	682	5260	3285.440655	1295.346595	316.9640358	1223.091541	413.4863964	NA	NA	NA	212.1320344	NA	5	5	5	4	3	1	0	0	2	1
ZM009-03	A	26/03/2021	vertical	14542.16667	11201.33333	12895.5	10778.83333	9905.666667	10900	5818.5	5665.833333	4475.333333	5683.666667	11279.5648	7425.000435	11017.64179	9716.322461	10820.04757	11574.5869	6353.241558	6606.132103	6507.591495	5453.505613	6	6	6	6	6	5	6	6	6	6
ZM009-03	A	02/04/2021	vertical	29918.83333	26793.33333	24291.66667	22048.33333	22470.33333	18784.16667	14102.5	15169.33333	10785.5	6650.166667	17734.01271	12877.7555	9654.796397	7002.757533	9651.221222	9153.031551	7782.064861	14102.57494	11862.04007	9142.094627	6	6	6	6	6	6	6	6	6	6
ZM009-03	A	09/04/2021	vertical	37681.5	43546.5	41442.83333	39622.33333	44379.83333	39963	36318.66667	41915.66667	33614.16667	35642.83333	23373.22649	22029.82495	19299.80316	18391.1365	22424.55808	20421.42102	20493.6508	33857.98449	26536.61529	48990.62757	6	6	6	6	6	6	6	6	6	6
ZM009-03	A	16/04/2021	vertical	34169.83333	52876.66667	52973.5	57893.5	63247.16667	67990.16667	65707	77420	72285.16667	106384.1667	22275.54828	17727.7092	13109.8463	12079.76564	9675.445776	10946.18875	16226.83904	25647.73231	21812.15479	45235.18809	6	6	6	6	6	6	6	6	6	6
ZM009-03	A	26/04/2021	vertical	27275.5	50564.5	52778.5	59504	74038.83333	74941.16667	71196.16667	85318	81068.33333	121395.8333	17639.18324	21386.91528	9771.292376	12189.94084	14947.70966	17639.22509	19216.20139	25742.80449	28026.29373	46774.47388	6	6	6	6	6	6	6	6	6	6
ZM009-03	B	19/03/2021	vertical	579	470	606.3333333	332	NA	NA	NA	NA	511	NA	185.2619767	249.7492075	54.37217426	NA	NA	NA	NA	NA	NA	NA	2	4	3	1	0	0	0	0	1	0
ZM009-03	B	26/03/2021	vertical	1438.833333	7158	7954.5	7997	6466.833333	3139.333333	1936.833333	403.25	1039.5	2423.666667	1165.273773	7533.694472	6905.538552	6384.615728	3922.701692	1726.059057	1402.033012	168.5197812	570.8324331	1993.318105	6	6	6	6	6	6	6	4	4	6
ZM009-03	B	02/04/2021	vertical	3679.833333	22165.66667	27406.5	24368	17482.66667	15457	13145.16667	5883.833333	3698.333333	1088.8	2851.881443	12703.78387	16690.50255	9024.724084	5007.22261	4964.251887	3577.539345	2757.118236	3122.976828	1221.24719	6	6	6	6	6	6	6	6	6	5
ZM009-03	B	09/04/2021	vertical	4442.166667	30419.33333	46787.33333	47199.16667	42135.5	43143	39933.83333	37721.66667	30767.16667	29295.66667	1556.937303	13797.31773	31071.46227	31692.11237	26185.65748	23197.68652	20812.72588	28203.19674	31736.98387	38544.35665	6	6	6	6	6	6	6	6	6	6
ZM009-03	B	16/04/2021	vertical	4651.666667	36577.66667	66891	70013.16667	68606.5	77645.5	71454.5	68791.66667	60602.33333	88552.66667	2290.145206	10021.57117	33689.41085	39745.02845	35391.09115	27718.41124	18643.42853	20984.27886	26518.11958	38047.06733	6	6	6	6	6	6	6	6	6	6
ZM009-03	B	26/04/2021	vertical	3834.666667	36221.83333	72584	81271.83333	80953.66667	86578.33333	84764.16667	76547.16667	70622.33333	113287.6667	2151.531238	15715.42874	29888.63302	32782.86331	26709.62446	17483.67566	23102.67274	15546.98375	24371.73861	37343.97236	6	6	6	6	6	6	6	6	6	6
ZM009-03	C	19/03/2021	vertical	3321.333333	822.5	1959	2076	416	NA	NA	NA	NA	609	3613.571133	21.92031022	1650.387227	NA	NA	NA	NA	NA	NA	NA	3	2	2	1	1	0	0	0	0	1
ZM009-03	C	26/03/2021	vertical	6463.166667	9790.833333	7201.833333	4677.666667	4109.4	3128.2	2247.6	763.75	1496.333333	3522.333333	7780.11546	8856.886257	8768.087304	5254.66717	3483.672387	3339.721051	1795.342112	638.8872488	662.9101498	2121.82079	6	6	6	6	5	5	5	4	6	6
ZM009-03	C	02/04/2021	vertical	11612.5	25295.5	28939.33333	23123.83333	17333.83333	18512.83333	16455.66667	10186.33333	9844.833333	3734.833333	14009.19256	15923.24067	18012.51515	17474.44241	10640.53813	13511.05273	8884.295935	9859.56613	8536.920227	1904.694035	6	6	6	6	6	6	6	6	6	6
ZM009-03	C	09/04/2021	vertical	13412.66667	34088.16667	43562.33333	41169	31407.83333	32611.66667	35946.33333	32217.5	31258.66667	31787.16667	15933.19647	23242.44009	23173.05322	20488.74219	12883.09977	24199.87779	20400.36504	15122.53816	14035.11829	20478.51555	6	6	6	6	6	6	6	6	6	6
ZM009-03	C	16/04/2021	vertical	11896.5	37720.16667	51561.66667	53396.16667	47596.16667	51628.5	64840.16667	63898.83333	69721.83333	97222.33333	14271.041	24040.70872	21662.44066	20404.36518	11228.52994	23057.00728	16207.06182	10286.11024	17053.87789	37057.73332	6	6	6	6	6	6	6	6	6	6
ZM009-03	C	26/04/2021	vertical	7868.666667	33908.33333	56151	59718.5	54224.33333	60384.33333	69538.83333	70999.33333	80007.5	113915.1667	8431.325558	22742.102	16851.17457	12943.56303	10531.90968	24009.43073	17563.73527	9602.150669	16676.97007	41427.73197	6	6	6	6	6	6	6	6	6	6
ZM009-03	D	19/03/2021	vertical	NA	370	NA	549	316	NA	NA	NA	697	NA	NA	NA	NA	NA	NA	NA	NA	NA	NA	NA	0	1	0	1	1	0	0	0	1	0
ZM009-03	D	26/03/2021	vertical	1703.333333	5971.166667	7073.5	3737.333333	3331	3201	1237.333333	771.5	1195.6	3458.166667	1952.621486	3716.454892	2874.956052	2276.727974	2532.308828	1702.162154	1125.254401	460.5254246	369.9706745	2008.730486	6	6	6	6	6	6	6	4	5	6
ZM009-03	D	02/04/2021	vertical	6034.333333	26109.5	28020.33333	23391.5	24178	21544.16667	17946.66667	10834	7833.5	7139.333333	4047.797706	3633.130702	6021.170839	9987.660962	8109.241641	6828.623915	6946.397733	7801.232262	6891.507259	5040.496867	6	6	6	6	6	6	6	6	6	6
ZM009-03	D	09/04/2021	vertical	7174.333333	39121.16667	50741.16667	43215.83333	43004.83333	46467.83333	45544.66667	35494.16667	31198.66667	31093.5	3475.209269	10956.05045	18606.00519	18020.16771	17840.84936	22114.70475	28593.00092	20751.08619	14141.42081	20638.17698	6	6	6	6	6	6	6	6	6	6
ZM009-03	D	16/04/2021	vertical	6956.333333	44792.83333	64099.33333	58502	62914.5	69826.83333	73845.83333	65153.66667	63512	103755.8333	4883.188781	8756.18146	8670.135977	10342.00449	11086.97554	16181.01678	27474.71798	17741.94601	15661.70817	30213.17459	6	6	6	6	6	6	6	6	6	6
ZM009-03	D	26/04/2021	vertical	5314.833333	37570	64384.16667	61028	65456	75389.66667	79668	71504.5	76022	121084.6667	3319.723447	14079.40078	10104.33189	7524.197552	13287.22731	21841.58789	29584.46679	16359.59942	22961.38846	36980.10358	6	6	6	6	6	6	6	6	6	6
ZM009-04	A	19/03/2021	vertical	4570.666667	1359	1763.833333	587.5	877.6666667	1078.666667	922.5	280	678	1500.5	3961.856265	729.401467	2375.750948	136.4716088	351.3179946	962.3332756	811.051478	NA	321.0264787	1180.161218	6	5	6	2	3	3	2	1	2	2
ZM009-04	A	26/03/2021	vertical	15521.16667	11247.66667	8292.166667	5770.666667	4369.833333	3950	1989.333333	3345.5	2148.166667	4202.166667	7862.624611	6893.631921	9024.516506	6120.172699	3160.477522	2471.9911	1835.443779	1000.068498	2249.049347	2348.381521	6	6	6	6	6	6	6	4	6	6
ZM009-04	A	02/04/2021	vertical	20122.16667	17259.66667	13256	10995.83333	8535	6931.833333	7333.833333	4959	3207.4	853.8333333	6023.10247	9350.934042	11625.92646	12085.63202	6462.551725	3847.646523	4190.788967	3374.860812	2759.493758	816.9118475	6	6	6	6	6	6	6	5	5	6
ZM009-04	A	09/04/2021	vertical	22972.16667	12338.66667	6671.166667	5250.333333	5074.666667	8169.166667	7241.333333	5156.5	5122.166667	4767.166667	6967.210559	3602.543694	2770.702107	2047.30483	2351.940617	8374.026688	6582.964672	3633.936529	5422.009126	7696.015058	6	6	6	6	6	6	6	6	6	6
ZM009-04	A	16/04/2021	vertical	21442.5	18499.16667	14766	14062.5	13995	16268.5	16496.16667	14180.5	15726.83333	17456	5736.066832	9278.755313	11437.84046	10205.76484	6540.933725	7354.66023	5994.253062	8215.983319	9983.89532	13149.17715	6	6	6	6	6	6	6	6	6	6
ZM009-04	A	26/04/2021	vertical	18473.66667	29380.83333	23560.33333	24831.33333	26218.33333	34485.66667	40919.83333	37568.83333	41036	67606.83333	3875.100291	14876.59548	14408.36053	15663.65083	12395.81101	18398.83984	27675.06177	35511.89339	35970.28887	49128.82059	6	6	6	6	6	6	6	6	6	6
ZM009-04	B	19/03/2021	vertical	383.3333333	659.2	871.3333333	434.3333333	1470	NA	NA	NA	NA	NA	105.6140773	230.0352147	605.0258948	155.8856418	NA	NA	NA	NA	NA	NA	3	5	3	3	1	0	0	0	0	0
ZM009-04	B	26/03/2021	vertical	2064.8	6147	5568.666667	6047.833333	7121.833333	4870.666667	1689.5	1064.166667	1243.333333	4581.166667	1948.51564	3062.870027	4583.360761	4690.539773	6546.983226	5023.518913	1734.720467	1203.398756	703.7893624	1811.713931	5	6	6	6	6	6	6	6	6	6
ZM009-04	B	02/04/2021	vertical	2496.833333	11471.33333	15368.66667	12567.16667	13576.83333	13409	8185.666667	6822.333333	4339.5	869.1666667	1950.342679	4284.221267	9339.596644	6649.56481	5210.353939	6464.186136	3387.599839	3922.455133	2884.496819	761.228853	6	6	6	6	6	6	6	6	6	6
ZM009-04	B	09/04/2021	vertical	3411.333333	8631.666667	13484.16667	10500.66667	12380.83333	11505.66667	9020.5	8932.666667	6071	4091.333333	1688.34791	2868.928697	12179.17683	9454.007609	12452.2023	10915.98275	8270.275153	8362.075452	5334.380226	5011.501798	6	6	6	6	6	6	6	6	6	6
ZM009-04	B	16/04/2021	vertical	3392.666667	13478.16667	21129.33333	17835.66667	22785.16667	23614.5	19437.66667	25327.16667	18319.5	17655.83333	2107.200576	5324.610612	10059.69383	8769.799146	9283.267817	9110.146536	7809.318041	7016.992901	7597.929896	9847.806688	6	6	6	6	6	6	6	6	6	6
ZM009-04	B	26/04/2021	vertical	3455.5	15083.16667	27544.66667	25246.83333	33358.16667	34473.66667	33787.66667	44211.33333	37151.33333	58806.16667	2185.036636	5088.21888	16014.25629	16558.82627	21305.50208	12399.07728	19567.19729	21234.34675	21450.11578	39892.19094	6	6	6	6	6	6	6	6	6	6
ZM009-04	C	19/03/2021	vertical	776.3333333	367	NA	NA	272	1871	734	NA	838	394	150.3872778	NA	NA	NA	NA	NA	NA	NA	NA	NA	3	1	0	0	1	1	1	0	1	1
ZM009-04	C	26/03/2021	vertical	762.4	2644	4459.666667	3160.833333	3445.6	2041.666667	6703.75	5232.25	1964.5	3922	885.6070235	1613.449844	3430.33046	2354.225683	3478.512225	2958.28874	11230.18846	8953.476024	1886.281395	2358.046904	5	6	6	6	5	6	4	4	6	6
ZM009-04	C	02/04/2021	vertical	619.8333333	8255.5	13928.66667	14744.5	10998.66667	8650.5	7797.333333	4475.666667	3039.833333	1044.833333	171.6314851	6116.73569	8672.727453	9235.526986	6411.930245	6013.406015	5981.893535	4501.770659	1756.513412	1004.122585	6	6	6	6	6	6	6	6	6	6
ZM009-04	C	09/04/2021	vertical	1813.166667	6986.5	9430	9638.833333	10052	11014.33333	10893.83333	8559.5	5435.666667	5054.166667	718.0037372	5678.124541	5093.322648	5368.512398	7221.470792	8168.560942	8304.777888	10979.05236	3141.130922	3493.136093	6	6	6	6	6	6	6	6	6	6
ZM009-04	C	16/04/2021	vertical	1177.166667	10374.66667	17698.5	19479.16667	19668	21258.16667	21893.16667	20029.5	18946.83333	20903.83333	478.4234178	8842.179543	9397.913699	7307.850776	9092.686358	9503.898177	8504.091331	11919.4382	11493.31039	10790.51271	6	6	6	6	6	6	6	6	6	6
ZM009-04	C	26/04/2021	vertical	1940	10706.33333	19303.16667	21271.5	20763.83333	24268.33333	26963.66667	29385.83333	28223	48475.66667	789.712606	7503.632578	7767.404442	7205.247775	9550.1674	12663.2586	11654.25139	15334.85677	15254.8665	19023.57196	6	6	6	6	6	6	6	6	6	6
ZM009-04	D	19/03/2021	vertical	746	1000	1055.2	1205	531	526	NA	NA	840	NA	165.1564914	497.7059373	426.3228823	523.2590181	135.764502	NA	NA	NA	551.5432893	NA	4	6	5	2	2	1	0	0	2	0
ZM009-04	D	26/03/2021	vertical	4035.8	12496.66667	11364.16667	6195.166667	3728.166667	2210.166667	1784.25	995.8	1436.333333	3566.833333	3616.00148	7022.967739	5636.194405	3581.260639	2338.413344	1722.168797	1872.028913	877.2073301	1176.578373	1854.902199	5	6	6	6	6	6	4	5	6	6
ZM009-04	D	02/04/2021	vertical	3550.5	19179.16667	18377.83333	14163.33333	11006	10018.33333	8934.333333	5222	2551.666667	1060.833333	2725.03855	9965.361216	7963.315978	6907.981056	4666.462857	6885.86409	6994.118577	4281.610211	1110.324577	1066.825462	6	6	6	6	6	6	6	5	6	6
ZM009-04	D	09/04/2021	vertical	4646.5	15661.16667	13847.16667	9883.666667	8052.666667	7370.833333	8121.333333	6286.333333	5919.5	4779.166667	2424.150552	5919.953257	6743.460815	4015.712971	3989.479298	2808.47385	3437.116039	3706.633495	5934.61024	6327.646748	6	6	6	6	6	6	6	6	6	6
ZM009-04	D	16/04/2021	vertical	4359.333333	23005	23014.5	18077.66667	14867.33333	17225	19016.5	18864.66667	18790.33333	22826.16667	3065.675499	8722.045471	9082.648639	5776.403541	4869.994606	9683.197034	8167.79813	10846.43993	12430.84626	18578.56183	6	6	6	6	6	6	6	6	6	6
ZM009-04	D	26/04/2021	vertical	4135.333333	24748.5	25135.83333	20123.66667	18857.5	22362.33333	29079.66667	34205.16667	32602.66667	58175.83333	1777.597667	10654.63711	11025.00252	7253.935474	7039.805104	12927.33776	20303.58565	29035.63093	18174.5432	33675.03326	6	6	6	6	6	6	6	6	6	6
ZM009-05	A	19/03/2021	vertical	6110.5	2751.833333	1866	2269	2569.75	3414.75	3450	1772	952.6666667	2417	3429.426002	2337.719437	1615.33464	1363.671881	2858.445892	4283.593614	3635.943069	1776.252234	652.3912425	NA	6	6	4	3	4	4	2	2	3	1
ZM009-05	A	26/03/2021	vertical	27492.16667	17443.33333	8068.666667	5756.666667	4674	6137.166667	5932	3958.333333	4125.5	6304	11281.00239	9258.72228	4664.095139	3644.049048	3069.315298	7278.962355	5148.457167	2177.98592	2435.721885	3622.569751	6	6	6	6	6	6	6	6	6	6
ZM009-05	A	02/04/2021	vertical	33286.16667	36733.33333	26801.66667	24860.5	19540	21366.66667	26201	20936.83333	22621.16667	23362.5	8298.689352	8204.160278	5219.6904	17185.01133	20888.42292	14988.01785	16984.18582	10432.3547	11169.34695	12849.16128	6	6	6	6	6	6	6	6	6	6
ZM009-05	A	09/04/2021	vertical	32805.33333	47733.16667	35460.16667	30692.66667	35647.83333	38573.33333	41043.5	41983	46700.83333	70369.83333	11891.12406	16430.17818	14062.54713	25927.32439	43025.30499	41842.2013	35185.88743	40030.62902	42340.52071	48282.4734	6	6	6	6	6	6	6	6	6	6
ZM009-05	A	16/04/2021	vertical	22470.83333	49031.83333	46395.5	52674.16667	55650.5	56874.66667	67848.33333	70025.5	75563.16667	122002.5	3150.687444	16776.86467	13134.82811	19060.57435	26603.77796	25054.24852	25986.52039	25442.1833	24154.89234	22394.90569	6	6	6	6	6	6	6	6	6	6
ZM009-05	A	26/04/2021	vertical	19348.16667	36652	38560.16667	39962.83333	42368.5	42215	52831.33333	52775	63291.16667	105141.8333	5275.245148	11367.93761	6874.112638	14646.47037	20596.3879	19115.41455	14669.94807	19875.34592	21338.1453	18386.74261	6	6	6	6	6	6	6	6	6	6
ZM009-05	B	19/03/2021	vertical	840	1158.333333	1395.6	738	735.5	1066	354	NA	1005	NA	497.803174	774.0169679	565.0900813	607.3792061	58.68986284	NA	NA	NA	NA	NA	2	6	5	5	2	1	1	0	1	0
ZM009-05	B	26/03/2021	vertical	2803.666667	18011	15668.33333	9178.166667	6763.666667	4243.166667	2408.666667	2424.6	1743.166667	3958	1640.16239	11263.52325	7303.659293	4510.310163	3554.767372	2649.301977	1117.883476	1856.450727	832.2106504	2780.321564	6	6	6	6	6	6	6	5	6	6
ZM009-05	B	02/04/2021	vertical	5803	42331.5	47071.33333	44697.33333	33768.5	26458.16667	23782.16667	21306	22535.16667	28231.5	1995.357913	10935.61204	10964.75962	11558.57681	10520.56546	10225.63452	7739.062047	3437.885513	4389.150597	11070.763	6	6	6	6	6	6	6	6	6	6
ZM009-05	B	09/04/2021	vertical	5636	41310.16667	50713.66667	50374.83333	45145.16667	46171.83333	45649.16667	45297.33333	46602.16667	80197.16667	1118.242013	16170.98012	20796.46733	27809.58655	27671.05414	34550.88878	27891.84561	28778.00814	28684.6944	58499.55562	6	6	6	6	6	6	6	6	6	6
ZM009-05	B	16/04/2021	vertical	3625.5	36812	58460.83333	65713	63024	63017	65828.5	69582.83333	77066.66667	128867.5	900.3321054	10710.11309	13576.74396	16126.66858	14434.56966	16542.72657	8854.950971	7856.630255	5211.558871	27843.23269	6	6	6	6	6	6	6	6	6	6
ZM009-05	B	26/04/2021	vertical	3147.166667	24477.33333	44472.33333	52962.83333	50521.83333	47117	47474.33333	51090.5	63097.66667	113679.1667	1039.289645	7228.525899	8735.97561	14727.93763	11680.28559	13086.61664	6246.167326	6721.556152	6333.407224	24625.39507	6	6	6	6	6	6	6	6	6	6
ZM009-05	C	19/03/2021	vertical	1094	614	849	749.3333333	2738.5	9926	5807	1314	1115.5	3744	613.0617152	NA	463.8620485	67.27803009	3256.226727	NA	NA	NA	883.1763697	NA	4	1	2	3	2	1	1	1	2	1
ZM009-05	C	26/03/2021	vertical	2313.166667	10767.66667	10398.16667	9178.333333	4950.166667	3409.166667	4399.666667	3497.2	1851.333333	3277.166667	3255.423377	5843.587893	7604.083467	9289.676413	4910.47368	2322.116743	3322.363235	3495.367463	1452.252549	1897.512415	6	6	6	6	6	6	6	5	6	6
ZM009-05	C	02/04/2021	vertical	2145.666667	32414.5	50988.83333	45865.83333	40765.16667	31911.16667	27330.16667	27260.66667	26137.5	26960.83333	1241.371285	10646.20533	13739.2523	17176.85584	11017.05344	7503.000131	4268.492165	4735.309395	10346.67716	13584.21426	6	6	6	6	6	6	6	6	6	6
ZM009-05	C	09/04/2021	vertical	3137.666667	33639.5	56280	57325.16667	59721.16667	57511.5	52413.16667	54118.33333	62628.83333	84375.16667	1032.088304	10367.56877	19947.22655	27016.12782	27178.63368	31403.35102	30435.47685	34745.86474	49093.86961	63646.63503	6	6	6	6	6	6	6	6	6	6
ZM009-05	C	16/04/2021	vertical	2333.166667	24111.16667	50582.5	58974.33333	65673.16667	69173.33333	69593.66667	72150.66667	88901.83333	128344.6667	854.8659349	8915.478191	12902.21841	15651.08096	12909.78752	17663.59655	16920.96788	7636.107377	16138.24145	31802.74298	6	6	6	6	6	6	6	6	6	6
ZM009-05	C	26/04/2021	vertical	3222.833333	12120.16667	31779.83333	40065.33333	43767	45806.83333	49588.66667	54077.66667	71879.83333	113018.1667	1714.314372	6420.318136	4445.411226	7133.092728	7674.650611	12417.4141	12428.86416	8479.323361	16063.63276	32337.50028	6	6	6	6	6	6	6	6	6	6
ZM009-05	D	19/03/2021	vertical	455	1322.5	1370.5	970	1292	1469	1257	371	956	NA	175.3624817	489.03749	1007.048658	514.7737367	NA	NA	NA	NA	251.7300141	NA	2	4	4	2	1	1	1	1	2	0
ZM009-05	D	26/03/2021	vertical	4854.5	17818.83333	13852.33333	8673	7155.333333	6684	4349	4493.5	3290.666667	5053.666667	3067.549494	9067.447081	6569.496896	7146.258238	3505.206337	3411.500901	2628.502539	3173.83533	1529.287634	2870.769908	6	6	6	6	6	6	6	6	6	6
ZM009-05	D	02/04/2021	vertical	7762.833333	37929.33333	39556.66667	38344	33651.83333	33516.33333	29783	29894.33333	23167	21703	4966.791094	12279.31657	8010.528514	14124.31621	10004.73695	16123.29831	15918.41501	13414.95459	10934.38933	8947.646327	6	6	6	6	6	6	6	6	6	6
ZM009-05	D	09/04/2021	vertical	7285.833333	38332.33333	48269	46765.16667	49734.66667	52659.33333	55487.16667	51509.33333	51846.16667	75935.83333	3544.887553	14973.65903	14180.14396	16753.04941	18837.90016	26340.57134	37961.0534	36006.80377	37237.9937	52653.40159	6	6	6	6	6	6	6	6	6	6
ZM009-05	D	16/04/2021	vertical	4552.666667	34020.66667	55301	60771.66667	67978.5	73419.16667	73904.83333	78638.66667	78917.33333	122261.5	2764.672687	11682.8358	10926.37654	19275.88379	13562.45606	17749.65502	16795.75374	20331.88296	22177.89705	14908.69948	6	6	6	6	6	6	6	6	6	6
ZM009-05	D	26/04/2021	vertical	3684.333333	22718.83333	41238.33333	44778	46840.66667	55991.16667	56460.66667	61313.5	62173.33333	105225.8333	1670.40961	7482.171674	9890.578925	15964.53016	11802.36881	8553.429988	7364.411142	19412.39084	19184.05708	14764.93117	6	6	6	6	6	6	6	6	6	6
ZM009-06	A	19/03/2021	vertical	6640.5	1999	935	642.6666667	1658	5373.5	2943.666667	4481	2257	1090.5	1836.366276	1277.901248	577.2711668	502.5955962	1945.661584	6671.55248	4029.143995	NA	786.3027407	531.0371927	6	6	4	3	3	2	3	1	2	2
ZM009-06	A	26/03/2021	vertical	32240.66667	21184	18851.33333	12312.5	9800.666667	11152	5891.333333	8824.4	8891.666667	10669.16667	8448.071251	9430.144326	8920.003894	3646.105306	3367.820165	8699.167523	5240.114566	7255.240644	9999.700149	10163.06527	6	6	6	6	6	6	6	5	6	6
ZM009-06	A	02/04/2021	vertical	41285.83333	45636.16667	47365.16667	45085.16667	44924	39534.16667	29628.83333	30816	31228	33407.33333	13413.44338	14061.2702	12766.00519	13854.82592	18784.50854	15937.60117	13475.77405	17564.77131	16756.6605	23988.18275	6	6	6	6	6	6	6	6	6	6
ZM009-06	A	09/04/2021	vertical	39415.83333	82615.5	77893.66667	79351	86776.83333	109948.1667	105521	116088.6667	119809.5	124153.6667	9698.429222	17221.29868	9186.629821	16389.37326	32079.88983	51562.65949	48415.17848	55305.71999	52533.65965	53459.33974	6	6	6	6	6	6	6	6	6	6
ZM009-06	A	16/04/2021	vertical	22720.5	63949.66667	74289.83333	80130.66667	88171.5	100210.3333	99217.66667	117165.5	129133.8333	146004.3333	7271.680074	10909.66008	12872.78844	21035.64831	32191.7856	24276.90075	14884.38212	17430.39983	6525.882543	21098.54033	6	6	6	6	6	6	6	6	6	6
ZM009-06	A	26/04/2021	vertical	21772.16667	53159.16667	64176.5	69684	73444.83333	83247.16667	84967	101342.3333	114451.3333	132364.1667	5510.241498	12233.67875	8033.235407	16717.53147	27357.34917	24871.8567	16974.52398	19990.0449	10452.79526	15370.19466	6	6	6	6	6	6	6	6	6	6
ZM009-06	B	19/03/2021	vertical	860.8333333	1892.4	1493	608.25	789	347.5	NA	NA	839	450	586.9049043	803.4984754	606.6358051	313.1020867	NA	41.71930009	NA	NA	502.0458146	NA	6	5	5	4	1	2	0	0	2	1
ZM009-06	B	26/03/2021	vertical	8985.333333	34357	27347.5	14754.16667	11353.5	8191	4841.833333	5145.4	5550.4	7614.833333	4432.492015	14555.11845	13862.3047	10238.32007	6318.284443	4901.870827	3208.254941	3879.032263	4140.779492	4364.065234	6	6	6	6	6	6	6	5	5	6
ZM009-06	B	02/04/2021	vertical	11119.16667	56351.16667	59193	51764.16667	48177.33333	48017	53719.16667	47668.83333	38881.83333	33591.16667	4780.646543	17572.87942	19952.3624	11020.7137	11961.31452	13228.60995	17805.09921	19438.33941	22408.24933	16753.48009	6	6	6	6	6	6	6	6	6	6
ZM009-06	B	09/04/2021	vertical	9926.666667	62380.16667	81251.83333	83510.83333	88320.5	99696.33333	113433.1667	112756.5	115382.8333	131981.1667	4542.883079	22538.15643	19256.49108	25393.08528	29180.59034	27539.75875	42628.71545	39362.36027	45952.83001	51331.69727	6	6	6	6	6	6	6	6	6	6
ZM009-06	B	16/04/2021	vertical	7525.666667	53343.5	76072.33333	78000.33333	84149	99723.33333	116245.8333	116614.3333	122232	148412.3333	4201.912311	26413.60326	17560.75528	12091.84882	20061.01627	16064.07019	15127.04166	7421.374284	14401.79374	24422.07232	6	6	6	6	6	6	6	6	6	6
ZM009-06	B	26/04/2021	vertical	6263	39820.83333	61149	65413.5	71445	85182	100895.6667	103835.5	109713.8333	132853.5	2696.336329	24641.60074	18195.0835	10124.15341	16875.42635	13725.67872	17043.32707	7199.331851	14874.16702	21776.29271	6	6	6	6	6	6	6	6	6	6
ZM009-06	C	19/03/2021	vertical	720.5	855	972.5	953	500	615.5	393	NA	629	NA	528.2087655	NA	563.5641046	NA	NA	120.9152596	NA	NA	NA	NA	2	1	2	1	1	2	1	0	1	0
ZM009-06	C	26/03/2021	vertical	4118.833333	25744.33333	30921	22702.16667	16433.5	12642	8579.4	6190	3138.666667	6205.166667	3239.617781	8801.124966	12426.39983	9181.747011	6882.001184	5955.162164	5157.845364	3719.612077	1888.111932	2682.813405	6	6	6	6	6	6	5	5	6	6
ZM009-06	C	02/04/2021	vertical	6776.166667	54604.83333	78721.83333	80757.83333	81019.33333	65745.5	55387.83333	48318.66667	41378.16667	41145.16667	4068.899577	17805.56593	10152.26917	9932.105223	15335.44284	20431.18964	18365.73842	24809.78628	18336.46369	21776.60422	6	6	6	6	6	6	6	6	6	6
ZM009-06	C	09/04/2021	vertical	6136	58470	94893	110673.3333	124364.8333	117697	112729.6667	114604.8333	106031.8333	126327.3333	3268.291725	14854.26394	28281.18708	37808.15541	45337.21544	51159.31777	42011.34549	47819.17864	47326.59401	47219.8854	6	6	6	6	6	6	6	6	6	6
ZM009-06	C	16/04/2021	vertical	3235.5	44152.83333	88765.66667	104527.3333	121810.8333	114496	109625.1667	114134.5	111175.5	134264.6667	1810.416389	17630.81714	20714.74048	18893.86712	24386.89304	28766.42211	20284.22203	24881.86839	21687.74726	19382.50833	6	6	6	6	6	6	6	6	6	6
ZM009-06	C	26/04/2021	vertical	2500	25142.66667	63095.5	86910.33333	105637.8333	103250.3333	99255.5	103273.1667	101036.6667	121275.8333	1115.045829	11888.3511	25977.2815	22168.2471	21553.41546	27850.18355	21740.9535	27603.63384	22255.39788	14855.21316	6	6	6	6	6	6	6	6	6	6
ZM009-06	D	19/03/2021	vertical	512	1254.166667	2243	2422	5333	4767	6217	3450	1187.25	365	306.884343	1387.401804	1042.19432	2961.3632	NA	NA	NA	NA	748.0139816	NA	2	6	3	2	1	1	1	1	4	1
ZM009-06	D	26/03/2021	vertical	3759	33672.5	29708.16667	16771.33333	10971.66667	6350.833333	3579	3480	2922.166667	5528	1382.526383	13944.81978	11739.4011	4793.853092	4739.936399	4958.819876	3743.421764	3557.725678	2507.138402	2707.61888	6	6	6	6	6	6	5	4	6	6
ZM009-06	D	02/04/2021	vertical	7144.833333	58866	79407	75103.5	61793.5	55306.66667	43568	37126.16667	29742.83333	24028.66667	1554.522617	13656.97201	22207.04924	17761.79859	15510.21321	20491.04081	14783.73621	19200.64459	14750.97639	12453.0098	6	6	6	6	6	6	6	6	6	6
ZM009-06	D	09/04/2021	vertical	6539.666667	62084.83333	96528.33333	105171	111696.8333	123009.8333	119336	116276	108625.8333	128708.1667	613.6043242	14817.24103	16100.61954	27862.30002	29487.24512	47229.8555	43716.33882	44126.81768	48066.49228	56848.07135	6	6	6	6	6	6	6	6	6	6
ZM009-06	D	16/04/2021	vertical	4020.666667	51362.83333	87115.5	99222.5	107883.5	114562.3333	112216	113452.1667	111828.5	142748.6667	457.3351798	15324.07864	24826.19942	15991.09347	13063.10353	18253.10618	20171.39183	24147.98938	28071.91401	34150.67864	6	6	6	6	6	6	6	6	6	6
ZM009-06	D	26/04/2021	vertical	3396.333333	35040.16667	69012.33333	78139.33333	86085.66667	90445.83333	90265.33333	94383	94455	123509.1667	966.4298561	12619.73552	24992.14789	17372.12387	12323.67745	22398.58504	13735.91795	19079.17919	22402.29191	26642.24471	6	6	6	6	6	6	6	6	6	6
ZM009-07	A	19/03/2021	vertical	5642.833333	1799.666667	1195.75	1365.75	956.25	1600.25	4959	889.5	915.5	1493.5	2863.285555	633.2148661	583.5268489	914.9806464	715.3788623	2047.176165	NA	273.6503243	589.2755439	1537.957249	6	6	4	4	4	4	1	2	4	2
ZM009-07	A	26/03/2021	vertical	23555	21068.5	13875.66667	9256.333333	10496	7907.6	6898	5004	6585.5	9575.166667	11601.23068	16241.93412	12106.5619	10511.23876	9852.899709	11982.15931	10423.82643	5800.381065	10544.57257	12051.55697	6	6	6	6	4	5	5	5	6	6
ZM009-07	A	02/04/2021	vertical	38725.5	54357.66667	44503	46486.66667	40950.5	38082.83333	33145.16667	33796.83333	27184.83333	28271.66667	13462.34425	27878.48768	16092.68364	24190.09904	26923.8572	26476.00768	20723.94964	21353.76628	21441.17022	27819.60411	6	6	6	6	6	6	6	6	6	6
ZM009-07	A	09/04/2021	vertical	34562.5	64133.16667	59689.5	59579	57196.83333	61941	57964.66667	66462.5	65184.5	87835.66667	8191.745766	27475.51364	15806.85241	20893.36907	26885.81532	30093.05818	21360.77374	34882.23176	32649.50309	41650.99788	6	6	6	6	6	6	6	6	6	6
ZM009-07	A	16/04/2021	vertical	23331.33333	63955.66667	73117.83333	76458.83333	80020.16667	86308.33333	87296.83333	100792.8333	109673	148889.1667	4671.147596	25529.9544	14941.40338	20841.0531	24069.62478	24747.49309	19029.68892	28485.15023	24875.0343	28449.71711	6	6	6	6	6	6	6	6	6	6
ZM009-07	A	26/04/2021	vertical	21376.83333	50977.33333	68129.83333	68690.16667	70224.83333	75412.83333	76845.16667	90592.16667	100634.8333	138012.3333	3525.402525	25540.11512	17796.33393	19302.64342	22414.68457	23080.35858	19132.44297	26736.84732	24322.18815	27497.5909	6	6	6	6	6	6	6	6	6	6
ZM009-07	B	19/03/2021	vertical	673.2	881.8333333	1697.8	994.3333333	955.6666667	542.5	586	NA	906	NA	427.4350243	646.7668565	778.1800563	532.419321	636.8087102	331.6330804	NA	NA	681.6509371	NA	5	6	5	3	3	2	1	0	2	0
ZM009-07	B	26/03/2021	vertical	4601.333333	21169.83333	21071.83333	11135	8058.333333	5498.833333	3948.5	2751.2	2652.666667	5693.333333	3809.035241	14053.90733	15782.92003	7979.361278	4691.530738	2820.03698	3596.554949	1972.884614	2259.887136	4430.464204	6	6	6	6	6	6	6	5	6	6
ZM009-07	B	02/04/2021	vertical	10052.83333	49464.83333	53403.5	41613.83333	37065.16667	34310.83333	33589.16667	31602.5	26894	31131.16667	6939.641761	8924.534373	10791.99788	8615.109875	4721.219945	11916.89653	13956.50001	16193.65657	16598.5726	22490.28082	6	6	6	6	6	6	6	6	6	6
ZM009-07	B	09/04/2021	vertical	10990.66667	51606.5	65493.66667	57882.66667	54307.16667	47811.16667	54611.16667	54206.83333	57102.5	84835.16667	5629.605871	8375.258342	26104.82362	20434.88333	16142.76731	10332.08501	19883.98507	16208.23538	16889.91631	25738.88229	6	6	6	6	6	6	6	6	6	6
ZM009-07	B	16/04/2021	vertical	8062.666667	52881.66667	76183.16667	71209	72302.33333	72854	80287.5	87112.5	96062.16667	134917.6667	4780.94575	8517.042131	21571.55178	15556.60126	18938.38758	18894.12116	11583.25382	18322.50337	29244.5938	41056.16765	6	6	6	6	6	6	6	6	6	6
ZM009-07	B	26/04/2021	vertical	6489.666667	39756.33333	69159	64916.5	64293.16667	62757.66667	67975.83333	76369.16667	85172.83333	124446.6667	3333.299426	6648.906697	22460.31484	18429.61277	19170.085	18376.26415	11596.12928	19979.08059	28375.24273	39653.56948	6	6	6	6	6	6	6	6	6	6
ZM009-07	C	19/03/2021	vertical	515.5	660	780	408	NA	489	NA	NA	773.6666667	369	61.51828996	NA	NA	NA	NA	NA	NA	NA	253.326535	NA	2	1	1	1	0	1	0	0	3	1
ZM009-07	C	26/03/2021	vertical	4245.833333	13092.33333	16106.33333	13354.16667	9603.166667	10879.83333	8408.833333	5765.833333	4005.833333	4365	4303.596608	5608.172097	11265.34219	13543.05384	13559.56411	16386.10757	15924.22458	12033.28732	7025.659497	2772.197035	6	6	6	6	6	6	6	6	6	6
ZM009-07	C	02/04/2021	vertical	9555.333333	33249.5	54028	58548.16667	53121.83333	48448.66667	37311.33333	31212.5	30286.83333	31749.16667	11141.8938	5373.672069	25695.2157	30005.60643	20232.13502	16675.7087	14035.51901	18186.52879	21618.28844	27252.61017	6	6	6	6	6	6	6	6	6	6
ZM009-07	C	09/04/2021	vertical	11334.66667	39469.5	68461.16667	80284	78436	74990.83333	68886.66667	64553.33333	63326.83333	84282.5	13326.18661	5654.217143	24204.009	38736.01337	35669.64322	23849.02219	21077.05282	31356.42099	30423.71619	28555.5518	6	6	6	6	6	6	6	6	6	6
ZM009-07	C	16/04/2021	vertical	8414.666667	35439.33333	71365.5	92287.16667	95554.16667	98255.33333	91553.66667	89099.16667	93030.16667	126576.5	11186.30898	11524.01584	15775.7478	25345.6668	22564.48632	9109.946952	12218.22147	18517.38515	19433.69029	35536.09127	6	6	6	6	6	6	6	6	6	6
ZM009-07	C	26/04/2021	vertical	7398.666667	26392.83333	58728	83088.66667	86851.33333	90483	82566.33333	81253.33333	85597.5	120171.5	9664.011789	11892.80592	16988.2965	19348.37977	17453.11413	10075.25293	11087.01752	18666.43856	18901.37162	33061.41874	6	6	6	6	6	6	6	6	6	6
ZM009-07	D	19/03/2021	vertical	697.6666667	1052.666667	1351	797.25	443	595	509	NA	795	NA	305.8387375	639.5790282	538.2372463	292.9953071	NA	NA	NA	NA	468.1046891	NA	3	3	4	4	1	1	1	0	2	0
ZM009-07	D	26/03/2021	vertical	6997.333333	21867.5	22286.16667	16338.66667	11584.83333	11881	11980.66667	13404.2	12075	8923.166667	11953.08495	22232.61654	20369.56711	16233.24496	14907.38604	18061.81577	19575.83448	19947.98731	14723.2854	9896.250248	6	6	6	6	6	6	6	5	5	6
ZM009-07	D	02/04/2021	vertical	6867.166667	40018.5	51762.66667	51149.83333	45334.5	42807.83333	38144.5	39383.5	36960.5	37870	4047.961433	21570.9584	31203.81744	31537.37419	23975.8855	21547.78693	19131.68951	25087.36468	28088.00657	30102.28898	6	6	6	6	6	6	6	6	6	6
ZM009-07	D	09/04/2021	vertical	6331.166667	42076	65705.33333	69059.66667	72986.16667	78810.66667	76021.66667	83242.5	79224.66667	102927.5	2461.200554	14697.97206	26454.38876	32555.86462	34779.713	36941.70148	30262.71007	39782.10932	33757.46921	38679.00256	6	6	6	6	6	6	6	6	6	6
ZM009-07	D	16/04/2021	vertical	5082	42270	72456.5	80584.33333	85567	93512.66667	102102.1667	107579.8333	113385.6667	151989.6667	2842.489543	14114.62425	16922.04525	24174.15726	23866.90841	26211.14631	16240.6114	29113.73102	21884.93159	34949.84292	6	6	6	6	6	6	6	6	6	6
ZM009-07	D	26/04/2021	vertical	4325.166667	32685	60670.83333	73395.83333	78127.16667	85256.66667	93092.33333	99828.16667	105054.8333	141848.5	2019.648823	14609.43234	15864.81968	23736.60171	24412.43187	27268.26612	17970.55873	29018.1971	22719.30313	34823.09825	6	6	6	6	6	6	6	6	6	6
ZM009-08	A	19/03/2021	vertical	6344	1745.333333	1002	425.5	860	801	NA	NA	517.5	NA	2480.69587	990.5515299	NA	47.37615434	NA	NA	NA	NA	74.24621202	NA	3	3	1	2	1	1	0	0	2	0
ZM009-08	A	26/03/2021	vertical	26626.66667	17898.66667	14527.5	8509.666667	8127.833333	6571.166667	5121	4913.2	3086.833333	6494	6659.778665	5169.325436	7048.640514	3850.100449	3772.293595	6253.498426	5564.012221	3927.117098	2945.650041	3283.603813	6	6	6	6	6	6	6	5	6	6
ZM009-08	A	02/04/2021	vertical	35729.66667	44297.66667	36354	28140.83333	22305.5	18447.16667	16721.66667	14084	11597.83333	14771.5	7304.381744	9061.724575	8258.267591	6990.751531	9296.18362	8011.454885	8357.424284	8522.136657	4929.345896	11193.58366	6	6	6	6	6	6	6	6	6	6
ZM009-08	A	09/04/2021	vertical	37054.83333	52524.5	48473.16667	40598.16667	34107	42107.83333	39822	42260.5	50074.33333	79641	11277.88664	12465.87442	16722.51247	16809.63761	16815.0628	34794.23228	34671.13571	39261.70239	44384.55209	66907.76761	6	6	6	6	6	6	6	6	6	6
ZM009-08	A	16/04/2021	vertical	22065.33333	53367.33333	60400.83333	53928.83333	54491	58428.66667	64609.83333	73834.16667	89811.66667	128855.3333	9086.076197	12059.21489	12526.77129	6924.001023	13362.14739	8727.675055	7616.545265	17701.09239	15005.25875	23744.37643	6	6	6	6	6	6	6	6	6	6
ZM009-08	A	26/04/2021	vertical	20031.33333	36058	46340	41781	41507.16667	44319.16667	48577.16667	53806.83333	69635.33333	108284.5	5584.67749	9501.636933	15222.63898	9446.640122	15370.45625	13996.39831	9864.620244	16337.94163	15814.66509	27388.51792	6	6	6	6	6	6	6	6	6	6
ZM009-08	B	19/03/2021	vertical	NA	1607	694	NA	NA	NA	NA	NA	657	NA	NA	NA	NA	NA	NA	NA	NA	NA	NA	NA	0	1	1	0	0	0	0	0	1	0
ZM009-08	B	26/03/2021	vertical	2258	18352.66667	15682.5	9816.5	7075.666667	5655.333333	5070.4	3510.666667	3491.333333	4194	1500.955962	9580.447102	7381.554599	2663.254381	2953.37073	5058.144232	9218.732169	5781.313472	2630.786321	1858.126906	6	6	6	6	6	6	5	6	6	6
ZM009-08	B	02/04/2021	vertical	4277.833333	35244.83333	41657.83333	42732.66667	35851	35603.83333	34170.66667	28491.66667	23926.83333	25101	1949.95235	14440.33309	12411.1912	6479.877705	8213.304183	12449.23026	11211.82327	9664.12582	8303.60937	14561.57578	6	6	6	6	6	6	6	6	6	6
ZM009-08	B	09/04/2021	vertical	4104.166667	32792.16667	51471.66667	63387.33333	57134.66667	59777.66667	59550.83333	58965.5	68442.33333	84698.83333	1203.325295	12943.15675	22938.93637	36431.38524	40960.01806	54197.16266	51493.30351	53347.26445	59579.83826	63567.14493	6	6	6	6	6	6	6	6	6	6
ZM009-08	B	16/04/2021	vertical	2780.5	31908.83333	54732	69918.66667	72962	84973.33333	95935.5	92354.16667	98247.5	126427.5	682.2992745	14690.64288	17890.50043	16614.29088	17845.05187	22625.59022	24603.96972	18974.46472	24750.26712	20923.95355	6	6	6	6	6	6	6	6	6	6
ZM009-08	B	26/04/2021	vertical	2736	21418.16667	37979.66667	47129	48452	61090.5	69529	72213.5	81675.33333	108360.3333	984.1841291	9857.083573	15086.49179	13883.12618	16297.25133	20144.30319	17231.62323	14998.49935	18123.8077	20002.51244	6	6	6	6	6	6	6	6	6	6
ZM009-08	C	19/03/2021	vertical	569	NA	NA	686	471	485	594	NA	499	NA	NA	NA	NA	NA	NA	NA	NA	NA	NA	NA	1	0	0	1	1	1	1	0	1	0
ZM009-08	C	26/03/2021	vertical	4243	11026.16667	15159.5	12302.5	5325	5369.166667	8098.5	5616.666667	4043.833333	5284.833333	2160.646354	6937.680402	8451.578427	5052.911903	1827.368162	4724.754784	4735.457211	3900.74181	1505.824348	2674.671675	4	6	6	6	6	6	4	6	6	6
ZM009-08	C	02/04/2021	vertical	4060.333333	27741.33333	49313.16667	49348.16667	39055.83333	37310.5	37561.66667	38258.83333	36803.66667	35536	2143.379077	13612.19886	25532.60732	19616.75596	12983.88847	14163.4743	16497.08125	17192.92861	11838.38438	15695.20119	6	6	6	6	6	6	6	6	6	6
ZM009-08	C	09/04/2021	vertical	5298.5	31458.33333	63464.66667	68104.66667	60381.83333	59971.33333	54564.83333	60249.33333	70023	94035.5	2869.765896	14606.36866	28906.43487	29901.54972	30991.96355	37899.2061	28770.44132	43737.93786	53110.17229	61652.71346	6	6	6	6	6	6	6	6	6	6
ZM009-08	C	16/04/2021	vertical	3271.666667	21382.16667	55113.66667	75847	79006	83473.83333	83367.16667	91227.5	102656.8333	133342.8333	2208.507248	8479.615308	18918.95652	16016.44089	10019.31381	9472.826514	9334.093366	16449.56205	15831.35168	22745.88572	6	6	6	6	6	6	6	6	6	6
ZM009-08	C	26/04/2021	vertical	3574.833333	12805.66667	34172.66667	46847	50354.16667	59969.66667	68310.16667	78398.5	88025.16667	114664.1667	2926.755775	5644.937047	13497.14104	18906.23845	7720.458313	12509.5366	11634.60929	12825.79953	11738.01202	21778.57799	6	6	6	6	6	6	6	6	6	6
ZM009-08	D	19/03/2021	vertical	NA	836.5	551.5	550	NA	NA	NA	NA	983	NA	NA	156.2705986	113.8441918	NA	NA	NA	NA	NA	NA	NA	0	2	2	1	0	0	0	0	1	0
ZM009-08	D	26/03/2021	vertical	5297.166667	24116.83333	19311.33333	9425.833333	8811	7142.166667	7039.666667	4050.666667	3725.333333	4420.333333	3409.919965	5894.156239	3638.227242	2751.921759	3875.85846	3701.774138	4868.603236	3171.329732	2637.70481	1369.004115	6	6	6	6	6	6	6	6	6	6
ZM009-08	D	02/04/2021	vertical	8461.5	39497.83333	45362.66667	34993.83333	30507	28458.5	24932.66667	23791.5	23373.66667	17916.66667	4291.942765	8227.576762	16811.93473	14892.97423	11683.10965	17395.61415	14144.60709	14124.90552	13462.80508	11982.17255	6	6	6	6	6	6	6	6	6	6
ZM009-08	D	09/04/2021	vertical	8499.833333	42268.66667	57836.33333	48901.16667	47497.33333	47809.16667	46390.5	48833.66667	60011.16667	73646	2794.99935	10942.10171	22968.51203	17252.52581	21622.1093	33142.91669	32279.66927	37537.55017	44246.33365	49886.70984	6	6	6	6	6	6	6	6	6	6
ZM009-08	D	16/04/2021	vertical	5696.333333	39674.33333	64890.16667	61332.33333	67206.5	72622.83333	79356.83333	82219	88668.66667	117280.1667	2928.140411	6791.457153	16208.40846	21264.37481	25030.5835	35899.03856	28856.57659	28997.75197	22942.2296	19370.1443	6	6	6	6	6	6	6	6	6	6
ZM009-08	D	26/04/2021	vertical	4372	28285.5	48313.5	43137.83333	49967.5	55280.33333	60457.83333	64626.16667	70663.5	98537.66667	2305.792879	7564.864328	15253.43834	18161.27384	24128.91711	32949.73063	25124.20159	27527.66682	22709.30239	19987.02434	6	6	6	6	6	6	6	6	6	6
ZM009-09	A	26/03/2021	vertical	18179.16667	12576	5597.166667	3811.166667	2990	2605.4	3412.6	3664.833333	4556	6173.833333	5739.177133	9664.095509	3756.880643	2009.033242	2431.747026	2723.77556	3900.960689	4791.721879	4884.447768	6793.666445	6	6	6	6	6	5	5	6	5	6
ZM009-09	A	02/04/2021	vertical	25520.83333	22491.5	12353.33333	11026.83333	10041.33333	8993.833333	7473.333333	5623.333333	6478	3490.666667	9741.391367	9685.40962	4906.041038	9741.133906	7413.596122	8335.88511	3077.370219	2702.252295	3806.245709	3473.145587	6	6	6	6	6	6	6	6	6	6
ZM009-09	A	09/04/2021	vertical	27072.33333	24899.33333	14596.33333	13197.66667	12905.5	13063.33333	14033.83333	14190.16667	16250.66667	21252.16667	7137.36421	13804.5252	8691.591193	15963.5425	16630.05479	12038.59727	13906.9008	18098.05954	21851.11232	22896.64188	6	6	6	6	6	6	6	6	6	6
ZM009-09	A	16/04/2021	vertical	20652	40494.66667	28478.16667	25460	23396.5	23234.66667	27305	26023.83333	38077	62819.16667	6164.965077	23603.65903	18111.05341	17223.10804	17874.33213	14748.1637	12358.39051	12069.35505	14769.72134	22755.20068	6	6	6	6	6	6	6	6	6	6
ZM009-09	A	26/04/2021	vertical	18437.66667	36880.83333	31124.66667	27295.33333	25878	21361.16667	25826.33333	28249.66667	39795.33333	76848.33333	3751.182089	13871.67159	15220.52304	13587.42863	16387.70112	9251.254929	9404.409299	9395.688685	10012.72252	28143.35573	6	6	6	6	6	6	6	6	6	6
ZM009-09	B	26/03/2021	vertical	2561.333333	9400.666667	11107	7148.5	4139.333333	2188.5	2207.166667	2634.75	1182	3594.333333	2883.400677	7103.234409	9355.113511	6599.74123	4364.987682	1729.422649	2927.841486	4540.140627	798.6208111	2013.127782	6	6	6	6	6	6	6	4	6	6
ZM009-09	B	02/04/2021	vertical	2968.833333	16422.5	20790.5	19284.33333	17058.16667	12684.66667	8127.833333	5966	4921.666667	3197.166667	2566.480112	8712.488387	11217.36352	12414.12379	8355.465742	5207.524274	5155.509264	4295.036205	3143.132747	3630.591876	6	6	6	6	6	6	6	6	6	6
ZM009-09	B	09/04/2021	vertical	4682	17886.66667	23285.66667	19712.5	16393.66667	13033.16667	10894	12762.66667	14824.5	17539	3015.480194	12048.60295	15814.23504	12125.72948	9582.861152	7464.052449	8300.483191	9928.956837	14521.31535	18183.03646	6	6	6	6	6	6	6	6	6	6
ZM009-09	B	16/04/2021	vertical	3294.166667	17805.16667	31845.33333	32589.16667	37522.66667	37066	32196.16667	38594.5	43332.83333	60941	2040.053668	6138.713983	11997.88194	14600.69711	15649.32212	19323.79386	11319.14883	11398.08624	19344.84698	23992.98557	6	6	6	6	6	6	6	6	6	6
ZM009-09	B	26/04/2021	vertical	2711.5	13673.66667	26252.83333	26617.83333	28065.5	31065.5	27376.5	33342.66667	39024.83333	74847.16667	699.9207812	2661.254266	8467.549903	9766.378805	9819.861399	15417.88616	14467.79951	12141.66589	9113.136615	17476.2086	6	6	6	6	6	6	6	6	6	6
ZM009-09	C	26/03/2021	vertical	1605.25	7263.833333	7846.666667	7446.5	5407	3366.666667	3267.6	2612	1751.6	3192.5	465.4505881	4954.769557	7059.505554	8500.811226	5793.144017	2926.637775	2508.638336	1808.263532	1234.717701	1314.820558	4	6	6	6	6	6	5	3	5	6
ZM009-09	C	02/04/2021	vertical	2046	15540	17174.66667	19144.16667	17721.5	18017.66667	10454.5	7756.666667	5978.166667	5003.166667	1566.087609	10089.78303	10695.73907	15127.74316	13408.91584	12165.35391	9921.884957	7297.96346	5392.715435	4146.412879	6	6	6	6	6	6	6	6	6	6
ZM009-09	C	09/04/2021	vertical	3958	17442	22886.66667	21162.66667	14326.5	15989.16667	13672.5	13246.33333	13840.5	18588.16667	4255.523094	12949.56419	13480.80951	11894.41594	9124.738457	9331.690145	9008.299923	9824.277412	10312.8762	15672.07415	6	6	6	6	6	6	6	6	6	6
ZM009-09	C	16/04/2021	vertical	2502.166667	17530.33333	29300.5	34008.83333	34197.33333	37200.5	33306.5	40613.5	43364.16667	58985.66667	936.2701355	6013.812091	15156.97561	12612.43073	12244.411	9789.748184	8041.725928	10557.78065	14705.57937	14445.15783	6	6	6	6	6	6	6	6	6	6
ZM009-09	C	26/04/2021	vertical	2604.833333	10193.83333	20617.5	22744.16667	22255	23473.83333	20950.5	25953.5	36556.83333	57662.5	1118.93707	2785.961982	5845.438521	7668.641585	2806.390279	6184.511247	6567.969724	6398.259349	4639.610648	6815.203761	6	6	6	6	6	6	6	6	6	6
ZM009-09	D	26/03/2021	vertical	3081.4	15301	13017.83333	7412.5	6036.166667	3687.166667	3178.6	1959.6	2078.666667	3565.333333	2097.261619	9576.903007	4016.005499	2823.031473	3840.538265	3331.027794	2909.609304	2184.654504	1637.201963	2273.605653	5	6	6	6	6	6	5	5	6	6
ZM009-09	D	02/04/2021	vertical	4173.5	22027	28364.83333	21271	16965.66667	11866	10457.16667	6527.666667	4698	1968.833333	2565.747747	9756.541477	11954.69206	9169.890686	7318.211248	8545.899789	7249.090244	4024.6874	2693.972309	1484.351362	6	6	6	6	6	6	6	6	6	6
ZM009-09	D	09/04/2021	vertical	4795.166667	21624.5	27476.16667	20849.83333	17906	17322.83333	17125.83333	11248.33333	13901	18890.66667	4266.465676	12437.38858	15778.718	14446.74153	11018.4445	16675.19919	17359.37421	10483.97445	14122.95347	21656.49658	6	6	6	6	6	6	6	6	6	6
ZM009-09	D	16/04/2021	vertical	4078.5	23628.5	37486.66667	28805.16667	27351	27497	27698.5	27640.5	38096.33333	67935.83333	1945.675692	8411.414857	8381.259802	9892.25783	6690.512058	11869.24358	13149.11492	13765.01742	9443.048801	20098.24174	6	6	6	6	6	6	6	6	6	6
ZM009-09	D	26/04/2021	vertical	3368.333333	16048.33333	33142.16667	28252.16667	22411.16667	21224.83333	21098.5	24402.5	33831.33333	66415.33333	1421.217037	5736.652183	7798.98874	8137.091874	3058.16137	9574.554432	8835.226058	10488.19402	5802.158414	9947.839316	6	6	6	6	6	6	6	6	6	6
