plant_id	face	date	type	mean01	mean02	mean03	mean04	mean05	mean06	mean07	mean08	mean09	mean10	sd01	sd02	sd03	sd04	sd05	sd06	sd07	sd08	sd09	sd10	n01	n02	n03	n04	n05	n06	n07	n08	n09	n10
ZM009-01	A	19/03/2021	lateral	1886.666667	962.6666667	1273	1453.75	2463.5	3818.666667	1460.666667	666.5	171	1367.5	674.8249156	787.6333749	945.0402108	1066.868431	2190.014536	3256.045813	1426.62901	417.9001077	55.83009941	1508.258764	6	3	3	4	4	3	3	2	3	2
ZM009-01	A	26/03/2021	lateral	7216.166667	4977.333333	3298.166667	2690	2151.666667	1711.4	1110.8	1250.75	564.6666667	10903.5	1843.90796	2620.553733	2651.82001	2346.132136	1411.903349	1132.719206	1119.202707	533.5793443	242.9194654	5178.591498	6	6	6	6	6	5	5	4	6	6
ZM009-01	A	02/04/2021	lateral	9022.333333	14262	10700	8214.333333	7062.833333	5955.5	4278.333333	3961.166667	2016.5	5899.5	2388.335376	7249.26457	5378.139939	4789.428929	5661.29545	4797.346131	3416.556844	3801.587743	1855.791341	3881.130956	6	6	6	6	6	6	6	6	6	6
ZM009-01	A	09/04/2021	lateral	8006.5	11689.33333	10882	9548.833333	8587.5	10202.33333	9988.5	10371.66667	14000.4	13882.66667	2577.026795	9542.443076	7614.105043	6663.427599	5777.551722	6833.766711	6201.608041	6976.667791	7753.724995	9280.606482	6	6	6	6	6	6	6	6	5	6
ZM009-01	A	16/04/2021	lateral	6893.166667	11438.83333	11749.33333	14771.16667	17005.66667	19350.16667	22766.66667	19590.5	19357.33333	33877.66667	1379.698433	3777.236949	5411.465815	6594.130251	7814.74293	7287.855471	8965.417417	7095.563311	10362.58533	10108.42931	6	6	6	6	6	6	6	6	6	6
ZM009-01	A	26/04/2021	lateral	6414.666667	9693.666667	11730.16667	15050.16667	14956.83333	17444.16667	19901.5	17956.66667	20216.33333	36368.33333	1225.740701	2688.424123	4299.914205	6388.482055	7203.993987	7207.348428	7378.139244	4313.773043	8193.283265	4171.843509	6	6	6	6	6	6	6	6	6	6
ZM009-01	B	19/03/2021	lateral	211.75	502	454	506	NA	NA	NA	NA	223	NA	132.2759111	350.9928774	244.5393629	NA	NA	NA	NA	NA	NA	NA	4	3	5	1	0	0	0	0	1	0
ZM009-01	B	26/03/2021	lateral	1021.8	5851.666667	5548.333333	4942	3194.5	1628.5	1115.6	588.25	569.5	10536.33333	530.839618	4969.775032	3308.810401	2927.875271	1893.169697	676.1363028	898.501419	481.3746808	394.1998224	4136.567063	5	6	6	6	6	6	5	4	6	6
ZM009-01	B	02/04/2021	lateral	2393.166667	11725.16667	14889.5	12399.83333	10232.5	7922.5	6641	3756.833333	3874.333333	6262.833333	908.7645276	7339.239781	5684.765492	5499.866777	4636.475677	5162.538629	5935.555644	3197.593246	2019.269043	3925.812498	6	6	6	6	6	6	6	6	6	6
ZM009-01	B	09/04/2021	lateral	3515	10118.16667	13573.33333	13448.33333	11735.33333	10726.16667	10099.5	8754	10631.5	17695.4	558.5183972	8240.11183	8853.180325	9270.865411	8568.575953	8869.137577	8595.758041	7200.983738	8526.41739	10701.71763	6	6	6	6	6	6	6	6	6	5
ZM009-01	B	16/04/2021	lateral	2628.166667	9438	16288.16667	20650	24016.33333	19764.5	20370.16667	16794.5	18014.33333	31822.66667	432.7666423	3743.709016	5803.209333	10880.64252	12629.26175	12452.95491	12444.089	8709.137793	8969.962802	8005.930768	6	6	6	6	6	6	6	6	6	6
ZM009-01	B	26/04/2021	lateral	2928.5	7188.666667	14133.66667	17567.5	21731.33333	20424.66667	21084.16667	18436.66667	20112	34661.66667	759.0698914	2296.579166	2224.03765	6508.782029	8775.728133	7404.056474	9371.18002	5654.352613	5136.827153	3504.110082	6	6	6	6	6	6	6	6	6	6
ZM009-01	C	19/03/2021	lateral	350	97	526	277	392.5	455	254	NA	97	NA	239.002092	NA	NA	NA	251.0229073	NA	NA	NA	25.15949125	NA	2	1	1	1	2	1	1	0	3	0
ZM009-01	C	26/03/2021	lateral	1085	1027.8	1911.5	2240.666667	2442	3123.5	1152.4	585.6	417	10332.5	1598.047767	538.7826092	1672.382821	2219.806989	3101.516919	3171.336989	630.2561384	258.7958655	209.1494681	4051.04721	4	5	6	6	6	6	5	5	5	6
ZM009-01	C	02/04/2021	lateral	708.1666667	3878.666667	9470	11107.83333	8600.833333	9161.5	6237.833333	4010.166667	1859	7440.166667	226.5898644	1750.791783	5693.38135	4500.550074	4715.312733	7105.082033	3976.587654	3322.80047	2255.035609	2552.297743	6	6	6	6	6	6	6	6	6	6
ZM009-01	C	09/04/2021	lateral	2338.5	4933.166667	10314.16667	11369.83333	11431.16667	11007.66667	10003.5	10909.83333	12341.4	16953.5	845.0935451	3367.58747	8546.348985	7622.963267	8443.467591	9152.043699	7043.801381	9426.801269	9094.969725	11030.6242	6	6	6	6	6	6	6	6	5	6
ZM009-01	C	16/04/2021	lateral	1871.166667	3925	10050.66667	14016.16667	16147.5	20397.5	21026.16667	20582	22665.5	35178.83333	741.9003752	1703.54137	4693.447503	5205.984534	6751.442446	9004.948145	9226.598429	8137.516304	7611.158434	7675.640701	6	6	6	6	6	6	6	6	6	6
ZM009-01	C	26/04/2021	lateral	3098.333333	3624.333333	7760	10641.66667	13174.66667	16701.16667	19278.66667	19710.33333	21403.5	37454.16667	1079.598197	652.5141122	2367.339942	3125.835867	3441.477861	4366.205694	4991.740885	5513.196338	5626.04784	4654.252525	6	6	6	6	6	6	6	6	6	6
ZM009-01	D	19/03/2021	lateral	269.6666667	584.5	683	1048	2342.5	1414	534	NA	134.25	249	80.36375634	284.0733473	502.5599467	725.2833929	2854.590076	1569.777054	NA	NA	53.1123024	NA	3	4	5	3	2	2	1	0	4	1
ZM009-01	D	26/03/2021	lateral	901.3333333	2979	3915	3010.5	2355	1333.166667	647.6666667	709.6	598.5	9212.333333	474.1896948	2199.407193	2768.621607	2005.545188	1101.758594	670.5339415	555.3905533	504.7601411	415.553005	3944.641107	6	6	6	6	6	6	6	5	6	6
ZM009-01	D	02/04/2021	lateral	1680.333333	8872.166667	13029.66667	12095.16667	10744	7942.5	6370.166667	3892.666667	5254.666667	7738	663.8236714	4600.620541	7263.265345	5336.706453	4856.721816	3005.751004	2679.640977	2551.684594	4448.18856	4246.896514	6	6	6	6	6	6	6	6	6	6
ZM009-01	D	09/04/2021	lateral	3365	9392.833333	14733.33333	14869.66667	14822.5	13783.66667	15521	15373.16667	17163	21842.16667	1587.524236	5625.804882	10105.71414	8878.554109	9220.625288	7805.770319	9043.684028	9733.442216	11834.31238	15715.01549	6	6	6	6	6	6	6	6	6	6
ZM009-01	D	16/04/2021	lateral	2096.333333	7822.666667	13908.66667	18587.66667	21895.66667	22680.83333	25356.16667	26408.83333	26523.66667	37215.33333	489.7238678	3063.508947	6589.403908	7104.311893	7170.42168	7372.658094	7251.897005	9270.62344	10040.75963	9305.921591	6	6	6	6	6	6	6	6	6	6
ZM009-01	D	26/04/2021	lateral	2409	6731.5	12744	16263.16667	18742.33333	19831.66667	21224.83333	23029	24181.83333	39404	672.2347804	1670.658044	4581.377871	5015.910901	4208.021087	6309.411816	5341.366245	7024.661444	9672.362181	6656.634014	6	6	6	6	6	6	6	6	6	6
ZM009-02	A	19/03/2021	lateral	2567	583	1994.666667	681	1077	2016	3471	532	815.5	1656	1400.249978	469.6986268	1685.278118	618.0315526	990.055049	2518.714355	NA	NA	1018.940872	1086.116016	6	6	3	3	3	2	1	1	2	2
ZM009-02	A	26/03/2021	lateral	8701.333333	5489.833333	3915	2788.166667	2701.333333	2340.166667	2086.666667	1754	719.1666667	9915.166667	3243.689484	5491.324919	3136.440211	2226.124832	2476.027275	2812.93636	2558.565197	1948.878139	698.6307799	2501.38373	6	6	6	6	6	6	6	6	6	6
ZM009-02	A	02/04/2021	lateral	11075.33333	9411	11274.33333	7362	8012.333333	8149.333333	4669.166667	4149.666667	2734.4	4251.6	2218.721944	4230.680324	6222.094813	4506.354358	5149.992764	4452.870789	2905.821909	3784.321903	2542.775904	3205.584783	6	6	6	6	6	6	6	6	5	5
ZM009-02	A	09/04/2021	lateral	11040.16667	11335.16667	14072	12545	13634.16667	18019.5	16136.83333	11786	9896.833333	9308.5	3740.591526	3626.502194	7356.061963	7259.030955	7394.079129	7076.645978	7827.494706	6984.981059	7138.712108	5201.127214	6	6	6	6	6	6	6	6	6	6
ZM009-02	A	16/04/2021	lateral	8077.666667	10275.5	15638.33333	18070.66667	22490.33333	29131.33333	30621.5	27730	23961.66667	30898	2245.696477	2950.147844	8688.731292	8283.738906	9533.372555	6387.246595	7797.868292	5387.280984	3968.73555	4891.880538	6	6	6	6	6	6	6	6	6	6
ZM009-02	A	26/04/2021	lateral	7856	10714.16667	19355.16667	23969.33333	30010	37314	39386.16667	36438.16667	35088.83333	40534.16667	1686.300804	2757.558733	8901.319507	6594.077241	8288.859439	1857.491965	4620.047594	5855.052977	7363.733983	4147.030717	6	6	6	6	6	6	6	6	6	6
ZM009-02	B	19/03/2021	lateral	352	639.75	370.75	193	NA	NA	NA	NA	165	NA	106.7848304	461.2312327	151.2533746	NA	NA	NA	NA	NA	NA	NA	3	4	4	1	0	0	0	0	1	0
ZM009-02	B	26/03/2021	lateral	1912.166667	5911.833333	5167	3207.666667	1866.833333	1036.75	691.8333333	555.6666667	391.8333333	9366.666667	1730.464263	2596.395534	2982.084238	1233.010733	1248.638045	703.6767132	516.9183366	75.03554713	387.7057733	3258.645956	6	6	6	6	6	4	6	3	6	6
ZM009-02	B	02/04/2021	lateral	3185.5	10388	14629.83333	10876.5	8397.166667	4933	4082	3447.5	3925.333333	5377.166667	1592.499639	3518.707376	7100.432449	5179.57727	4586.078343	4344.9284	3899.385028	3104.116863	2555.352161	2283.937952	6	6	6	6	6	6	6	6	6	6
ZM009-02	B	09/04/2021	lateral	5186.166667	13671.16667	19526.16667	17096.83333	15899.5	14983.16667	14520.16667	14554	14375.5	18081.16667	2793.695862	2475.868447	8906.292167	7448.106643	7824.72519	6996.159072	7936.160946	7390.118456	4961.287726	9104.356087	6	6	6	6	6	6	6	6	6	6
ZM009-02	B	16/04/2021	lateral	4153.5	13656	21591.83333	22693.33333	25503.66667	24637.33333	26908.16667	27458.66667	26640.83333	35979.83333	2190.409711	2776.394424	6821.226529	5553.832106	7533.045829	10255.32914	11693.5588	12887.03872	9759.012028	8189.372196	6	6	6	6	6	6	6	6	6	6
ZM009-02	B	26/04/2021	lateral	3767.166667	12521.33333	24987.83333	26977.33333	31490.66667	36062.83333	34477.83333	35421	35330	44708.83333	954.9645892	2383.511415	6724.090404	5206.126071	5388.473983	8433.038822	7475.950867	10938.18054	9386.179926	8277.419391	6	6	6	6	6	6	6	6	6	6
ZM009-02	C	19/03/2021	lateral	202	405	425	148	220	NA	NA	NA	87.5	NA	154.1492783	NA	NA	NA	NA	NA	NA	NA	31.81980515	NA	2	1	1	1	1	0	0	0	2	0
ZM009-02	C	26/03/2021	lateral	1038.666667	2075.666667	1553	1994	1042.333333	723.6	824.75	788.5	436.5	7517	720.638837	1230.859645	489.6696846	1584.594459	1054.634471	724.2777782	807.4702781	836.5829307	368.2888812	3343.699628	3	6	6	6	6	5	4	4	6	6
ZM009-02	C	02/04/2021	lateral	1810.5	9741	11100.33333	11909.5	10472.16667	9109.333333	7837.333333	5917.5	4195.5	4809	1459.484121	2026.961272	3878.928392	4226.213187	5219.889287	6755.9007	5261.191525	3443.770245	3661.535457	2854.505982	6	6	6	6	6	6	6	6	6	6
ZM009-02	C	09/04/2021	lateral	3099.666667	13711.66667	16945.83333	19170.33333	18771.16667	19699.33333	20052.5	19426.5	18608.16667	23340.66667	1343.019086	3354.514729	7351.34348	8441.651418	9398.427728	6454.926945	8158.901881	8519.054754	9435.46854	10978.73038	6	6	6	6	6	6	6	6	6	6
ZM009-02	C	16/04/2021	lateral	2370.666667	13309.83333	18557.33333	23041.5	24912.83333	29653.5	33122	33248	32012	41336	916.860222	3308.184119	6275.853971	9862.637147	10053.21973	7111.629286	4076.600545	6476.080821	7431.498718	7637.994946	6	6	6	6	6	6	6	6	6	6
ZM009-02	C	26/04/2021	lateral	2221.5	11274.66667	21351.66667	27464.16667	29443	34723.5	38898.16667	39203.33333	38806.66667	49839.33333	721.0677499	3326.211879	4991.794534	8844.38347	8589.272682	5587.426948	2654.883456	6617.405494	5895.031626	4921.022279	6	6	6	6	6	6	6	6	6	6
ZM009-02	D	19/03/2021	lateral	584.75	954.4	357.5	237.3333333	NA	NA	NA	NA	222	1010.5	107.3137922	615.8208343	252.6849158	68.38372126	NA	NA	NA	NA	NA	876.1053019	4	5	4	3	0	0	0	0	1	2
ZM009-02	D	26/03/2021	lateral	2564.333333	5291.333333	3734.166667	3175.166667	1867.333333	711.3333333	411.25	476.6666667	369.5	9393.833333	1887.039339	2690.816357	1543.288621	1504.384714	1237.222804	376.0274813	77.38809125	225.7107293	210.4526075	2971.26454	6	6	6	6	6	6	4	3	6	6
ZM009-02	D	02/04/2021	lateral	4281.666667	11745.5	12150.16667	14422.5	14508.66667	9002.166667	4656	3948.666667	2807.5	3233.333333	1880.834035	4712.45192	5990.709388	7655.946832	5861.182497	6213.412087	2423.227435	2915.064779	2711.699154	1622.137438	6	6	6	6	6	6	6	6	6	6
ZM009-02	D	09/04/2021	lateral	5575.166667	15913	18143.16667	22386.33333	24447.5	22455.66667	17548.33333	14222.33333	13607.16667	10838.5	1238.592494	5566.424059	7354.371446	10253.07311	10519.2198	10685.2803	8290.079244	7322.976107	7103.332047	6200.884542	6	6	6	6	6	6	6	6	6	6
ZM009-02	D	16/04/2021	lateral	4377.833333	15361	18977.5	24867.83333	30536	32855.33333	32363.33333	29089.5	29105.33333	34527.83333	1341.567653	3798.308729	5768.069651	9153.29653	10473.31336	5618.35117	4786.635757	2470.021032	3628.026387	4639.263968	6	6	6	6	6	6	6	6	6	6
ZM009-02	D	26/04/2021	lateral	3930	13936.83333	21309	29913	36505.5	38711.33333	37796	34746.66667	34399.83333	41619.66667	1171.62861	3475.46172	5105.454064	7196.838778	5147.301769	3853.298881	7082.058938	6727.843389	5206.480478	5065.38396	6	6	6	6	6	6	6	6	6	6
ZM009-03	A	19/03/2021	lateral	1515.8	911.2	646.4	964.25	895.3333333	484	NA	NA	178	2933	819.6164957	1138.995917	505.5682941	1270.696495	513.346212	NA	NA	NA	113.137085	NA	5	5	5	4	3	1	0	0	2	1
ZM009-03	A	26/03/2021	lateral	7497.833333	7335	7610.666667	6234.5	7279.666667	8495	4941.166667	5153.333333	4820.5	16031	3947.538444	4186.481482	7475.348866	7004.017925	9316.901323	12222.83224	7404.637288	7711.554984	8301.407754	9511.02802	6	6	6	6	6	5	6	6	6	6
ZM009-03	A	02/04/2021	lateral	11941.83333	13346.66667	12445.83333	10862.66667	13937.5	11304.33333	10666.16667	11584.5	5140	5947.333333	5685.59497	7244.203991	7156.766544	4415.300428	8957.298672	7889.549332	9634.857517	13235.04158	6479.694437	8341.469311	6	6	6	6	6	6	6	6	6	6
ZM009-03	A	09/04/2021	lateral	12386.33333	17660.66667	18863.33333	18332.5	24650	26046.83333	25011.66667	23216.5	18780.83333	18806.33333	5404.01394	6939.731109	8358.716209	8874.067066	11360.88916	12680.26231	13713.44423	16348.76027	13348.57338	17676.20372	6	6	6	6	6	6	6	6	6	6
ZM009-03	A	16/04/2021	lateral	10683.83333	17673	20528	22546.83333	31328.33333	34529.33333	36463.5	37031.16667	35686.16667	45961	5998.92245	4568.821424	5466.115476	6756.271173	7674.943118	7968.119017	8660.213641	12063.40584	10849.47684	7717.945607	6	6	6	6	6	6	6	6	6	6
ZM009-03	A	26/04/2021	lateral	9702.166667	16052.33333	20406.66667	22101.16667	32255.83333	35777.33333	36647.16667	37878.16667	36204	47345.83333	5085.003694	6310.782857	3362.746001	6058.809831	7886.847873	8941.148375	8924.685572	12756.33482	11209.83843	7720.597423	6	6	6	6	6	6	6	6	6	6
ZM009-03	B	19/03/2021	lateral	236.5	368.75	255	211	NA	NA	NA	NA	124	NA	95.45941546	230.7832677	114.2497265	NA	NA	NA	NA	NA	NA	NA	2	4	3	1	0	0	0	0	1	0
ZM009-03	B	26/03/2021	lateral	1048.333333	5432.166667	5433	5598.5	4895	1814.666667	1653	497.75	322	9033.5	682.0735053	5602.766046	5662.276821	4880.498653	2843.443054	1418.686811	1416.491299	217.9317554	139.1474039	1854.861154	6	6	6	6	6	6	6	4	4	6
ZM009-03	B	02/04/2021	lateral	2788	12224.33333	13807.16667	13792.33333	14398	9291.166667	7784.166667	3769.5	1536.833333	1197.2	2046.518898	8264.866791	10735.7647	7913.367922	9362.35684	5850.973984	3105.504366	1682.553625	1403.486433	960.8218878	6	6	6	6	6	6	6	6	6	5
ZM009-03	B	09/04/2021	lateral	4098.666667	15432.16667	21778.16667	25931.66667	27952.66667	27961.16667	25243.5	20958.5	18460.16667	15128.66667	1341.826467	7556.503303	13026.24909	14030.74508	16785.34771	14891.20361	12878.79899	14688.42631	17596.72461	11351.71646	6	6	6	6	6	6	6	6	6	6
ZM009-03	B	16/04/2021	lateral	3772.166667	16231.66667	27091.5	33093.66667	37390.33333	39332.66667	35807.83333	30527.5	29885.5	39688.83333	1673.073509	4627.753263	10618.17085	14636.0467	14777.54736	12873.42066	8316.76515	10695.09773	14355.29442	9964.225437	6	6	6	6	6	6	6	6	6	6
ZM009-03	B	26/04/2021	lateral	3708.833333	14483.83333	28418.5	37071.33333	43118.5	44091.5	38547.16667	32955	33096.33333	44334.5	1020.434303	4159.248654	10279.72694	12629.59498	12963.42869	8610.223383	7228.383289	8423.133954	13051.28595	6188.613633	6	6	6	6	6	6	6	6	6	6
ZM009-03	C	19/03/2021	lateral	713	391.5	1699	2561	631	NA	NA	NA	NA	313	503.583161	272.2361108	2189.202595	NA	NA	NA	NA	NA	NA	NA	3	2	2	1	1	0	0	0	0	1
ZM009-03	C	26/03/2021	lateral	4165.833333	5193.166667	4426.5	2896.833333	2967.2	2207.8	1392.8	609	535.8333333	10317.16667	4894.082239	5598.755305	6353.496478	3392.541668	2407.130179	1962.493618	1084.867826	353.8634388	322.3913254	2697.718548	6	6	6	6	5	5	5	4	6	6
ZM009-03	C	02/04/2021	lateral	6322.833333	12406.83333	14963	14343.66667	12107.16667	11438.83333	9006	4587.666667	2474.666667	2458.833333	7666.679344	7198.470432	9827.92678	9180.254739	7569.922309	7148.69897	4528.642313	2905.386905	2562.451535	1186.602447	6	6	6	6	6	6	6	6	6	6
ZM009-03	C	09/04/2021	lateral	6768.666667	15261.5	20737.83333	21300.83333	21052.66667	22328.33333	23061.5	22430.16667	22589.66667	29556.16667	7279.274872	9880.309484	11352.95333	10375.49047	8762.908163	14568.8288	11452.86435	10004.77635	11645.27088	20265.81085	6	6	6	6	6	6	6	6	6	6
ZM009-03	C	16/04/2021	lateral	4594.666667	14440.66667	21926.16667	24660.16667	27839.83333	29679	31206	33575.66667	34632.83333	50271.5	4720.278452	8179.315758	10461.96588	8280.077618	4738.216264	10676.56447	5932.304072	5231.027382	6801.786866	11780.40157	6	6	6	6	6	6	6	6	6	6
ZM009-03	C	26/04/2021	lateral	3820.666667	12326.83333	22095.16667	25681.66667	29018.83333	31732.83333	32911.83333	35697.66667	36436.83333	53238.16667	2887.041577	6590.941281	8929.901957	6257.060098	4911.935725	12420.91374	7753.32175	5627.305525	6680.6216	11082.61499	6	6	6	6	6	6	6	6	6	6
ZM009-03	D	19/03/2021	lateral	NA	433	NA	393	390	NA	NA	NA	214	NA	NA	NA	NA	NA	NA	NA	NA	NA	NA	NA	0	1	0	1	1	0	0	0	1	0
ZM009-03	D	26/03/2021	lateral	1138.666667	2986.666667	4417.333333	2503.5	2736.166667	2016.833333	910.1666667	982	583	10772.83333	1737.842417	1211.321702	3031.851557	2178.242204	1974.98146	487.2491833	622.83398	508.1200646	381.59337	3246.759764	6	6	6	6	6	6	6	4	5	6
ZM009-03	D	02/04/2021	lateral	3959.5	12596.83333	15179.5	14768.83333	15934.16667	14014.83333	10210	6595.333333	3906	5294.666667	2783.40775	5501.103832	6074.435472	7667.909974	7887.498524	4464.319855	5410.491068	4204.741593	3575.698421	4904.339901	6	6	6	6	6	6	6	6	6	6
ZM009-03	D	09/04/2021	lateral	5078.666667	18303.5	25199.33333	23882.16667	24729.16667	27215.66667	25319.83333	21709.16667	20443.83333	22121.66667	1552.55746	5169.727527	9269.802623	9345.923077	10331.2669	8683.581143	9382.825063	7553.932841	7593.520538	9249.874932	6	6	6	6	6	6	6	6	6	6
ZM009-03	D	16/04/2021	lateral	4313.5	18270.5	26617.66667	28725.33333	32980.33333	36338.33333	35992.66667	33983	36253.83333	48390.83333	1890.006111	5532.313033	6927.873632	8784.034305	11638.22312	7430.379981	9832.637015	10182.93394	14735.60219	9061.23295	6	6	6	6	6	6	6	6	6	6
ZM009-03	D	26/04/2021	lateral	3654.833333	15086.83333	24442.33333	28744.83333	33053.83333	37297.83333	36566	35373.83333	37131.66667	49720.33333	1474.888934	6660.632355	4196.912707	7336.141259	10435.22618	9388.426011	9911.1361	10420.55978	14694.50523	8244.637231	6	6	6	6	6	6	6	6	6	6
ZM009-04	A	19/03/2021	lateral	3095.166667	1302.4	1734.166667	387	593.3333333	870.3333333	668.5	271	163	957.5	2785.070155	1069.227899	3169.651237	59.39696962	222.3630665	908.4670238	515.4808435	NA	2.828427125	743.169227	6	5	6	2	3	3	2	1	2	2
ZM009-04	A	26/03/2021	lateral	8954.333333	6786	5031.333333	4350.833333	3883.166667	3008.5	1731.166667	2769	1132.5	11381.66667	2593.149257	2588.329114	3730.032743	4441.027828	3962.51286	2144.425681	1521.427542	1309.940711	1056.650321	3356.717424	6	6	6	6	6	6	6	4	6	6
ZM009-04	A	02/04/2021	lateral	13378.33333	13351.5	8910.5	7932.5	6828.5	4358.666667	4298.833333	3454.4	1392.4	1616.666667	4320.408206	7901.209395	6085.270372	7275.688744	7303.744457	3320.99465	3242.648943	3708.830449	2112.375985	1091.123397	6	6	6	6	6	6	6	5	5	6
ZM009-04	A	09/04/2021	lateral	13889.66667	12594.66667	6053.833333	5113	4447	5904.666667	5497.666667	4598.333333	3294.5	4406.166667	3641.313371	6545.775055	2446.069616	1957.525479	2301.236537	4835.570397	4169.539959	3141.683286	3800.657456	5389.395789	6	6	6	6	6	6	6	6	6	6
ZM009-04	A	16/04/2021	lateral	11189	13018.16667	9536.833333	11164.33333	10750.33333	10849.66667	11180.83333	9596.166667	7774.666667	19124.5	3679.737056	8400.837444	5019.526528	6717.503544	6754.662794	7357.933288	5677.88064	5326.38622	5587.161772	7734.381417	6	6	6	6	6	6	6	6	6	6
ZM009-04	A	26/04/2021	lateral	9038.5	18057.5	14573	16986	15933.33333	19659.16667	22360.83333	20732.66667	22065.5	38549.16667	3487.518244	9892.107152	6421.5462	5982.698923	3084.463303	9657.108396	12364.86758	13125.43879	16517.09266	16275.30959	6	6	6	6	6	6	6	6	6	6
ZM009-04	B	19/03/2021	lateral	175	433.2	547.6666667	195.3333333	699	NA	NA	NA	NA	NA	102.5036585	246.1863116	350.859421	116.8431998	NA	NA	NA	NA	NA	NA	3	5	3	3	1	0	0	0	0	0
ZM009-04	B	26/03/2021	lateral	1228.6	5289.5	6735	5501.666667	5239.333333	3258.5	1504.166667	1013.166667	591.8333333	10433.5	708.6020039	3257.156045	5474.860181	5528.060914	5146.777348	3279.169331	1405.556035	1198.052656	729.1999497	3297.581644	5	6	6	6	6	6	6	6	6	6
ZM009-04	B	02/04/2021	lateral	2397.333333	9807.166667	12132	11401	9734	7749.166667	4693.333333	4542.833333	2235.833333	1402.5	1373.028138	2184.508221	3434.545152	5364.253014	2263.073927	4922.584257	2051.682009	1743.30312	2267.480489	680.2795749	6	6	6	6	6	6	6	6	6	6
ZM009-04	B	09/04/2021	lateral	3542.5	9636.833333	11873.16667	12127.5	11835	9743.833333	8673	7622.5	5516.333333	4471.666667	1650.890638	2184.735354	9007.443087	11282.04619	10893.09699	9023.786022	7378.227294	6553.985955	3901.767787	2237.815959	6	6	6	6	6	6	6	6	6	6
ZM009-04	B	16/04/2021	lateral	2938	11060.16667	17120.83333	17618.83333	18499.33333	15410.83333	16394.66667	15590.33333	14158	21582.16667	1335.154223	1796.831925	7764.423956	10487.74413	6853.175546	7598.704137	7914.845157	5530.814358	5599.935892	7011.840284	6	6	6	6	6	6	6	6	6	6
ZM009-04	B	26/04/2021	lateral	3137.166667	10929.16667	20036.5	21366	23174.66667	21372	24940.16667	25396.66667	24650.33333	38587.66667	1116.395883	2472.850535	11916.99415	13914.00244	11580.97465	7919.629663	10324.46997	9122.639479	11901.85032	12975.97876	6	6	6	6	6	6	6	6	6	6
ZM009-04	C	19/03/2021	lateral	218.6666667	185	NA	NA	366	1364	513	NA	92	161	107.5980173	NA	NA	NA	NA	NA	NA	NA	NA	NA	3	1	0	0	1	1	1	0	1	1
ZM009-04	C	26/03/2021	lateral	319.4	1323.166667	2381.166667	2194.166667	2321.8	1659.833333	5746	4784.5	1140.333333	11359.33333	79.60716048	834.3065184	1088.731816	1546.004711	2699.415715	2789.904329	9715.508221	8411.918945	2178.140002	3244.683138	5	6	6	6	5	6	4	4	6	6
ZM009-04	C	02/04/2021	lateral	377.8333333	5337.166667	9209.333333	10067.66667	7013.333333	5802.333333	4407.333333	2984.333333	1334.5	1894.833333	169.4407468	5430.292751	7465.884775	6293.357186	6367.888462	3878.68641	4263.176969	3239.596189	1257.151821	1452.307325	6	6	6	6	6	6	6	6	6	6
ZM009-04	C	09/04/2021	lateral	1590	6126.166667	8550.666667	9531.5	8935.833333	9470.666667	8836	7069.666667	4683.5	6360.833333	602.4994606	5935.517043	4853.035572	4003.878157	5451.065489	5928.354533	5764.348914	5849.368707	3177.586804	2985.664309	6	6	6	6	6	6	6	6	6	6
ZM009-04	C	16/04/2021	lateral	1037	6263	12157	15555	15561.16667	15556.66667	13985.83333	14827.16667	13144.66667	22484.33333	347.8470928	6223.723259	8449.476433	5237.231482	7578.616877	6764.218171	7676.714985	8187.786304	11381.39912	5925.138603	6	6	6	6	6	6	6	6	6	6
ZM009-04	C	26/04/2021	lateral	1767	6112.833333	12857.16667	16127.66667	16163.5	17665.83333	17295.33333	21094	22093.66667	39768	701.7834424	4849.085869	7446.15749	5012.152179	8221.180663	8309.694758	8134.996415	7695.199725	13202.54428	9952.410803	6	6	6	6	6	6	6	6	6	6
ZM009-04	D	19/03/2021	lateral	570.75	691.6666667	680.8	819	344.5	599	NA	NA	104	NA	194.8356145	532.7103028	415.697847	97.5807358	242.5376259	NA	NA	NA	60.81118318	NA	4	6	5	2	2	1	0	0	2	0
ZM009-04	D	26/03/2021	lateral	2273.2	8447	9717.833333	6357.666667	3355.833333	1159.5	792.5	796.6	440.8333333	10745.66667	1548.27701	5050.314842	7606.70671	3900.886292	2122.61324	670.9899403	376.1599837	516.1088064	226.6110471	2576.180092	5	6	6	6	6	6	4	5	6	6
ZM009-04	D	02/04/2021	lateral	2886.666667	13299	16456.66667	11902.5	8633	6451.166667	4603	4312.8	1208	1320.833333	1332.661647	6413.430471	9141.605935	5760.357446	3826.054574	3828.148974	3985.897239	4171.484712	1642.649445	864.2095618	6	6	6	6	6	6	6	5	6	6
ZM009-04	D	09/04/2021	lateral	4531.666667	12709.16667	13131.16667	10025.16667	7300	7049.833333	6951.333333	5707.333333	3495.333333	5595.5	1783.11398	3270.689311	3925.028785	3125.233138	2331.026641	2516.62285	2744.092321	1487.537518	1704.743226	7302.97043	6	6	6	6	6	6	6	6	6	6
ZM009-04	D	16/04/2021	lateral	3052.166667	13586.33333	18155.83333	15119.33333	12748.16667	11382.83333	12648.83333	12889.83333	10834.5	22393.83333	1145.240135	6096.882307	8280.989637	5835.000588	6739.211034	4668.882497	5162.747231	5907.046823	7399.861803	11982.98768	6	6	6	6	6	6	6	6	6	6
ZM009-04	D	26/04/2021	lateral	3011.666667	12280.16667	17843.5	15749.5	13488	14992	17986.5	20508.5	20042.16667	38096.33333	592.9821807	5141.236443	8225.065489	6094.877087	7212.955788	5973.926347	6597.633993	10097.48853	6907.433255	13649.32234	6	6	6	6	6	6	6	6	6	6
ZM009-05	A	19/03/2021	lateral	3165.333333	2031.5	1425.25	2198	2551	3673.25	4203	1571	415.3333333	2496	1970.423169	1869.605172	1677.085642	2027.02516	3200.535684	5603.204701	5014.801292	2073.237082	345.255461	NA	6	6	4	3	4	4	2	2	3	1
ZM009-05	A	26/03/2021	lateral	12488.5	8771.666667	4551	4079.833333	3521.833333	4475.5	4294.5	3137.5	2871.166667	14802	4473.777945	4178.077149	3168.168619	2737.394923	2712.845253	5206.038868	4025.37525	2186.722548	1894.987115	5233.370042	6	6	6	6	6	6	6	6	6	6
ZM009-05	A	02/04/2021	lateral	13162	16500.33333	15838	14391.16667	13129	14187.33333	12228.5	10122.5	9509.166667	13947.83333	3655.261796	4380.401382	5250.912644	11201.65665	13955.67151	12320.18201	10287.43184	9808.301622	5125.304339	6737.181411	6	6	6	6	6	6	6	6	6	6
ZM009-05	A	09/04/2021	lateral	11968	17819.33333	18919.5	19871	21151.5	23480.66667	24653.33333	22455.66667	20297.83333	34806	3616.540999	6110.942764	5368.676848	13012.01672	17027.0967	14491.80785	15043.32676	12176.88741	8280.632788	9093.40737	6	6	6	6	6	6	6	6	6	6
ZM009-05	A	16/04/2021	lateral	9281.666667	16468	19337.83333	21296.5	25406.16667	28920	28298.66667	26469.16667	23394	38554.83333	2125.639919	6092.35429	5098.369834	7238.853079	12421.74874	11397.96341	10823.52818	7735.75148	7423.605081	6724.769302	6	6	6	6	6	6	6	6	6	6
ZM009-05	A	26/04/2021	lateral	8471.333333	13716	15683.66667	17448.5	20740.16667	23026.33333	23278	22746.5	20691	40004	2016.069906	3806.683018	4402.438173	5452.292536	12002.35654	9290.473781	10139.06006	9192.4591	7088.585303	5850.121571	6	6	6	6	6	6	6	6	6	6
ZM009-05	B	19/03/2021	lateral	346	691.8333333	909.4	527.6	496.5	818	300	NA	98	NA	431.3351365	394.9275461	468.1167589	334.460461	354.2604974	NA	NA	NA	NA	NA	2	6	5	5	2	1	1	0	1	0
ZM009-05	B	26/03/2021	lateral	1975.5	9298	7444.166667	6039.833333	3926.166667	2246.833333	1588.333333	1530.4	873.8333333	10385.66667	1043.967768	5622.566958	3483.061091	3316.012631	1506.000719	1596.722696	791.0978869	934.3820418	673.27659	3837.983151	6	6	6	6	6	6	6	5	6	6
ZM009-05	B	02/04/2021	lateral	4134.666667	15992	18658.83333	20352	18507.5	14494.33333	12390.33333	11660.33333	8318.666667	16420.66667	1726.769431	6343.043749	5731.407206	10573.20858	6294.143143	4920.671892	6218.037011	4394.622927	4006.447936	7150.785989	6	6	6	6	6	6	6	6	6	6
ZM009-05	B	09/04/2021	lateral	5288.333333	17983.5	23367.33333	26713.66667	25721.16667	23984	25197.66667	25147	24109	36327.83333	1279.811184	6582.285067	7879.529089	12486.88534	10781.24804	10145.3573	8777.402683	9605.632847	8204.941097	9220.947401	6	6	6	6	6	6	6	6	6	6
ZM009-05	B	16/04/2021	lateral	3244.833333	12273.5	18411	23286.16667	25255	23939.83333	26849.33333	27635.5	24645.66667	40725	963.7932178	4737.38412	3907.440799	8221.209483	7026.87666	6326.575042	4401.715241	5110.273995	4581.797799	4243.96984	6	6	6	6	6	6	6	6	6	6
ZM009-05	B	26/04/2021	lateral	3297.333333	10613.83333	14491.83333	19442	20578.33333	19461.83333	22126.33333	23046	22770.5	41283.66667	1035.647752	4583.886622	2164.10974	6754.758708	5108.292735	5974.855828	3309.589562	4849.132211	4280.741373	6560.14511	6	6	6	6	6	6	6	6	6	6
ZM009-05	C	19/03/2021	lateral	850	249	411	520.6666667	2400	8920	5169	1219	605.5	2129	856.0533472	NA	209.3036072	526.5599048	3114.098264	NA	NA	NA	781.3529932	NA	4	1	2	3	2	1	1	1	2	1
ZM009-05	C	26/03/2021	lateral	1933	3032.166667	3342.166667	2821	2663.166667	2934	2053.333333	1732.6	713.5	10550.66667	3426.651777	1511.192564	1962.250893	2553.609602	2504.872645	2447.507467	1560.456942	1341.22828	645.8122792	2368.970803	6	6	6	6	6	6	6	5	6	6
ZM009-05	C	02/04/2021	lateral	1640.833333	15064	21560.83333	19801.5	18654	16558.16667	14649.5	11498.83333	10405	15018.5	544.4011083	5547.779592	4979.23783	6619.0353	8622.795347	8321.630187	6141.615317	4848.293408	4646.56669	7309.338869	6	6	6	6	6	6	6	6	6	6
ZM009-05	C	09/04/2021	lateral	3328	19695.16667	29291.33333	29358.66667	31349.66667	33001.5	31999.66667	27653.33333	27922.83333	38109.5	1103.400743	5684.674535	5317.931427	8891.715822	10958.5599	14427.80309	16175.58559	11739.7173	9265.900008	8510.772509	6	6	6	6	6	6	6	6	6	6
ZM009-05	C	16/04/2021	lateral	2199.666667	10159	20066.83333	23942.16667	26004.16667	31202.33333	30856.83333	27912.5	27292	38388	540.9479334	2392.545256	3559.609946	3733.687369	4026.292658	7483.04512	10171.39936	6078.338153	5174.500594	3845.716266	6	6	6	6	6	6	6	6	6	6
ZM009-05	C	26/04/2021	lateral	2876.666667	6907.166667	14371.16667	18168.66667	19460.66667	22761.16667	25249.83333	24226.16667	25313.83333	38379.16667	1082.889776	1272.608253	1249.744841	3896.707824	4711.352531	7880.389849	8577.511374	7101.622869	5533.695887	4173.07711	6	6	6	6	6	6	6	6	6	6
ZM009-05	D	19/03/2021	lateral	274.5	906	782.5	925.5	1458	1342	1120	356	150	NA	178.8980156	562.1690137	588.3890436	791.2524881	NA	NA	NA	NA	18.38477631	NA	2	4	4	2	1	1	1	1	2	0
ZM009-05	D	26/03/2021	lateral	3181.333333	8901.833333	7391.333333	5093.333333	5186	3561	2317.833333	2559.333333	1500.833333	11633	2546.556865	4174.99899	3515.523328	3857.069907	3297.734434	2301.010908	1693.425335	1783.575361	959.0160409	4150.827243	6	6	6	6	6	6	6	6	6	6
ZM009-05	D	02/04/2021	lateral	4890.166667	18801.33333	19837.66667	17373.33333	16479.33333	14191.33333	12783	13856.83333	8750	13296.83333	3340.352881	5615.611228	2589.08321	4784.078915	5524.866357	6073.451594	5340.074232	6356.210614	5940.683732	7143.2598	6	6	6	6	6	6	6	6	6	6
ZM009-05	D	09/04/2021	lateral	5368.333333	20461.83333	26343.5	24774.83333	28487.5	28292.33333	25648.16667	26733	25827	37697.66667	3050.573367	6943.156384	4158.624953	6356.761075	8172.515029	9461.687559	10378.28226	7302.230919	10085.28794	11514.19601	6	6	6	6	6	6	6	6	6	6
ZM009-05	D	16/04/2021	lateral	3646	14254.83333	22821.16667	23422.66667	30483.5	29116.66667	28197.33333	26800.83333	27185.66667	41631	2265.11439	4229.168401	2420.105569	4982.133626	6661.643844	5152.112447	7090.39462	5683.359655	7352.096127	4932.492027	6	6	6	6	6	6	6	6	6	6
ZM009-05	D	26/04/2021	lateral	3453.5	11250.83333	18512.5	18896.83333	24259.16667	24113.5	23571	22333.5	23313.5	40715.5	1321.785875	2675.321694	2524.167645	2709.911542	4832.292599	5205.747506	5829.719685	5702.143904	7020.801913	4816.257582	6	6	6	6	6	6	6	6	6	6
ZM009-06	A	19/03/2021	lateral	4060.833333	1076.166667	298.75	478	1688.666667	4965	2461.666667	3695	884.5	581	2395.562683	980.7913981	99.16106427	332.5537551	2030.992943	6431.843282	3656.06022	NA	853.4778849	258.8010819	6	6	4	3	3	2	3	1	2	2
ZM009-06	A	26/03/2021	lateral	12773.83333	8422.166667	6479.833333	4650.166667	4588.5	7242.333333	3800.166667	6760.8	7007.333333	18148.5	4770.493745	3009.631301	2373.030671	1347.965492	1719.585851	7749.76982	3281.689773	8917.443535	12574.6771	14289.01644	6	6	6	6	6	6	6	5	6	6
ZM009-06	A	02/04/2021	lateral	12094.33333	13750.83333	17567.16667	18505.5	17036.16667	17211.83333	13456.66667	11416.83333	10113.66667	10704.5	3772.549836	4850.714975	4799.867641	5932.595208	7872.44103	5853.476759	6062.502311	6568.171387	5495.345364	6482.82342	6	6	6	6	6	6	6	6	6	6
ZM009-06	A	09/04/2021	lateral	11029.16667	16575.33333	26934.66667	32869	36222.16667	41482.66667	43319	37143	36895.66667	35027	2443.66335	4032.993313	3735.512209	7174.506534	10485.90796	6428.666788	11274.22907	9347.111147	10296.47063	6416.75033	6	6	6	6	6	6	6	6	6	6
ZM009-06	A	16/04/2021	lateral	8517.333333	13602.5	21696	26172.5	30117.83333	37815.66667	39390.33333	34630.16667	34770.83333	37146.66667	1312.982051	3284.175498	4340.680454	7586.787113	10746.57799	8527.295859	7196.760151	5054.469128	6822.250462	3893.043368	6	6	6	6	6	6	6	6	6	6
ZM009-06	A	26/04/2021	lateral	8455.166667	10811	18780.83333	22647.16667	26671.83333	33605.33333	35376.66667	32037.33333	32789.66667	39014.5	1208.384279	2008.08944	3408.899495	4922.669171	9212.326056	8660.760559	7484.408184	5744.322507	6472.744168	5924.432825	6	6	6	6	6	6	6	6	6	6
ZM009-06	B	19/03/2021	lateral	389.3333333	1532.6	954.2	228.75	190	231.5	NA	NA	204.5	585	380.8021358	941.0277892	617.750516	78.93615564	NA	23.33452378	NA	NA	202.9396462	NA	6	5	5	4	1	2	0	0	2	1
ZM009-06	B	26/03/2021	lateral	4858.5	12732.5	12575.66667	8134.166667	4787.333333	4617.166667	2215.833333	3178	2493	14295.33333	2683.843196	2522.557968	4165.283168	3563.95137	2339.903388	2508.108643	1717.111693	2346.72932	2196.26706	3925.482629	6	6	6	6	6	6	6	5	5	6
ZM009-06	B	02/04/2021	lateral	6405.5	19455.5	24169.33333	25125.33333	23813.66667	25111.33333	22649	17328.16667	16086.16667	19568.33333	2205.718273	4446.477651	7626.19498	4469.59773	5527.669081	7113.221539	7766.343387	6882.94784	9067.060018	12539.95035	6	6	6	6	6	6	6	6	6	6
ZM009-06	B	09/04/2021	lateral	6662.833333	23563.83333	33257.83333	37486.66667	38532.66667	43827	44477.66667	40303.33333	39415.66667	41763.33333	2188.169501	4397.396885	6244.404485	6222.780654	3957.254284	6008.68335	10702.76481	6918.102649	6729.382101	8396.25349	6	6	6	6	6	6	6	6	6	6
ZM009-06	B	16/04/2021	lateral	4469	16753.83333	28207.16667	31519.33333	34281	38930.33333	40078.5	36230.16667	36036.5	42646.83333	1598.797673	2965.638644	7139.876593	5884.06474	4417.207942	4645.191047	10173.43283	7182.777497	5768.18064	5526.409736	6	6	6	6	6	6	6	6	6	6
ZM009-06	B	26/04/2021	lateral	4039.833333	12671.16667	22589.33333	27637	30972.66667	36145.33333	37504.33333	34272	34168.33333	44281.5	1566.008482	4169.275784	6093.606015	7309.085688	5057.148907	4824.191193	10644.18795	7464.459337	5683.676932	6074.172594	6	6	6	6	6	6	6	6	6	6
ZM009-06	C	19/03/2021	lateral	238.5	517	286.5	334	355	239.5	227	NA	82	NA	112.4299782	NA	28.99137803	NA	NA	36.06244584	NA	NA	NA	NA	2	1	2	1	1	2	1	0	1	0
ZM009-06	C	26/03/2021	lateral	2140.333333	7401.833333	9505.5	7115.166667	4863.666667	4902.333333	4508	3638	1617.833333	13185	2084.802597	3706.113135	2850.738413	2919.538143	2544.738624	3979.789023	2247.665789	2292.781171	1514.077332	2631.521765	6	6	6	6	6	6	5	5	6	6
ZM009-06	C	02/04/2021	lateral	3515	19957.16667	27312.83333	33286.16667	31684.5	25702.66667	25371.16667	23998.16667	17897.66667	21841.16667	1655.479749	5839.956076	4544.881975	8121.407425	8117.247729	9327.512566	7599.847588	6590.075187	5957.847452	12824.76517	6	6	6	6	6	6	6	6	6	6
ZM009-06	C	09/04/2021	lateral	3799.833333	23683	34684.33333	43422.66667	45398.66667	41785.66667	48251.66667	46119.5	40780	42825.16667	1648.030269	6563.579389	4659.97535	7913.544836	8016.261963	10019.55344	13388.35978	11796.65005	11587.66877	11058.17138	6	6	6	6	6	6	6	6	6	6
ZM009-06	C	16/04/2021	lateral	2088.166667	14308.33333	28359.16667	38636	41492.5	39146.66667	44292.5	44361.5	37278.66667	44882.83333	702.0895717	5410.558443	5195.715559	7148.972542	7326.6743	8036.617539	8264.950496	5983.827295	7479.259901	7508.961191	6	6	6	6	6	6	6	6	6	6
ZM009-06	C	26/04/2021	lateral	2219.833333	9425.333333	21063.16667	32836.83333	38464.83333	37396	42535	42106.83333	35421.16667	44928.66667	474.7906556	2546.648988	6593.744654	9061.108529	7572.685268	8266.338561	10044.25713	7284.154101	8123.388884	7595.329688	6	6	6	6	6	6	6	6	6	6
ZM009-06	D	19/03/2021	lateral	479.5	1259.333333	1935.666667	2876.5	6242	5757	6602	3527	579.5	444	68.58935778	1894.713136	1179.390662	3802.113162	NA	NA	NA	NA	885.9746046	NA	2	6	3	2	1	1	1	1	4	1
ZM009-06	D	26/03/2021	lateral	2569.666667	10472.5	11496.66667	5632	4134.166667	2872.833333	2461.2	2568.5	2003	13836.5	1288.410752	4005.458613	6026.421249	1403.939172	1837.209342	3194.183114	2861.905432	3855.091914	3811.07843	3558.859241	6	6	6	6	6	6	5	4	6	6
ZM009-06	D	02/04/2021	lateral	5207.833333	17814.5	28632.5	28812.33333	25904.5	20978	18216.5	12562.66667	9800.333333	10973.66667	1777.384867	5029.350246	2403.818525	8780.517039	6797.329615	4904.381307	5898.731448	6387.157135	5854.886768	5322.125578	6	6	6	6	6	6	6	6	6	6
ZM009-06	D	09/04/2021	lateral	4856.833333	20820.5	37053.83333	40397.16667	43417	43980	41790.5	39287.5	36168.83333	37264.66667	1719.018955	5863.452353	3669.841273	7790.674359	6230.491859	4885.280053	8627.441376	6924.877291	10335.46085	8470.551946	6	6	6	6	6	6	6	6	6	6
ZM009-06	D	16/04/2021	lateral	3299.333333	14107	30131.33333	35095.16667	39016.33333	42077.5	38942.16667	36564.83333	32558.66667	41515.66667	830.0172689	4420.758396	4026.619211	8952.869806	6931.558141	6792.06286	5479.857057	1785.931064	6613.991281	4954.545778	6	6	6	6	6	6	6	6	6	6
ZM009-06	D	26/04/2021	lateral	3046.166667	10410.83333	22977.16667	29895.16667	33880.33333	36347.16667	33842.66667	31705	29242.5	41628.16667	1155.746238	3042.328149	3176.561375	9833.017694	7140.857026	8274.146951	5573.752297	2274.26155	6943.975943	6863.158585	6	6	6	6	6	6	6	6	6	6
ZM009-07	A	19/03/2021	lateral	2806.166667	1072.833333	1083.5	1535	910.75	1422.5	4416	646	500.25	1955	1321.17999	644.5753382	626.6234914	1354.654445	972.0066444	2272.489457	NA	499.2173875	629.6138367	2206.173157	6	6	4	4	4	4	1	2	4	2
ZM009-07	A	26/03/2021	lateral	10703.33333	9174.5	6207.833333	4777.833333	5969	5416.8	6040.8	4591.8	6325.5	16800.33333	5372.443864	7452.684422	6563.723986	5935.752603	7108.642955	9100.229816	10102.33536	6656.846941	11733.947	15769.14777	6	6	6	6	4	5	5	5	6	6
ZM009-07	A	02/04/2021	lateral	15211.66667	18747.83333	19335.83333	20063.16667	16814	14426.33333	14973.33333	12943.33333	10317.16667	13302.5	5204.58754	9892.712781	6687.42759	9561.756249	12619.28297	12182.15404	10309.788	11228.2175	10614.64823	13610.90363	6	6	6	6	6	6	6	6	6	6
ZM009-07	A	09/04/2021	lateral	14347.66667	24470.5	30387.5	32104.66667	31255.83333	30848.5	34017.33333	33885.83333	33670.83333	42997.66667	3423.995483	10628.78363	8942.329087	11990.6718	15412.36051	14380.37664	11104.17588	13892.36238	12101.63054	12549.4378	6	6	6	6	6	6	6	6	6	6
ZM009-07	A	16/04/2021	lateral	11010.33333	20565.66667	28685.16667	29488.5	31249.66667	30846.33333	34430.66667	34484.83333	33216.5	43142	1545.347167	5907.91556	7697.952518	8478.76481	9938.381149	9280.729081	9472.492886	9198.87144	6850.452445	5617.120437	6	6	6	6	6	6	6	6	6	6
ZM009-07	A	26/04/2021	lateral	10766.66667	16588.83333	25755.5	26980.16667	28385	28016.33333	31793.83333	31800	31191.5	42859.16667	1620.121436	5562.518941	7371.408325	7900.374305	9615.594833	9248.877135	9479.669455	9009.729696	7009.135603	4645.336131	6	6	6	6	6	6	6	6	6	6
ZM009-07	B	19/03/2021	lateral	356.4	439.8333333	1372.4	441.3333333	403	418.5	213	NA	152.5	NA	354.739059	196.7266293	571.8988547	238.0301101	170.4024648	54.44722215	NA	NA	102.5304833	NA	5	6	5	3	3	2	1	0	2	0
ZM009-07	B	26/03/2021	lateral	3030.333333	9931.166667	10290	5917	4751.833333	3424.666667	2518.166667	2333	1340.833333	12728.33333	2149.249512	6568.237402	6370.484817	2579.697812	2117.028617	2508.746593	3808.692763	2549.754106	2243.308754	4742.770442	6	6	6	6	6	6	6	5	6	6
ZM009-07	B	02/04/2021	lateral	5080.666667	17886	20395.5	17818.16667	17108.66667	15795.33333	15464.5	13016.83333	10175.83333	16832.66667	3028.659748	5065.74725	4783.417513	3198.500862	3558.828047	6483.605376	8075.08164	5407.710067	6698.512265	11912.69552	6	6	6	6	6	6	6	6	6	6
ZM009-07	B	09/04/2021	lateral	6621	23075.83333	29231.16667	28706	28479.5	29654.16667	29001.16667	31604.66667	28966.5	41668.83333	3197.218103	6642.911212	4256.079483	5639.251262	6771.055065	8954.726203	10565.27466	11215.81	10824.26322	7741.366918	6	6	6	6	6	6	6	6	6	6
ZM009-07	B	16/04/2021	lateral	4471.5	17151.33333	26009.83333	26810.16667	29441.66667	29917.33333	29344.33333	29667	27796	43028.83333	1827.089133	4615.539607	5222.848396	5577.451655	8413.286342	8997.485441	7812.351801	2907.51736	8576.646268	3869.932424	6	6	6	6	6	6	6	6	6	6
ZM009-07	B	26/04/2021	lateral	4126.833333	14144.66667	23249.33333	24536.66667	26551	27615.5	26324.66667	25991.5	25271.83333	42666.83333	1639.877485	3076.819375	6271.501468	6552.943725	8112.166098	8985.3198	8664.755661	3768.565284	9285.001915	3218.884429	6	6	6	6	6	6	6	6	6	6
ZM009-07	C	19/03/2021	lateral	420.5	526	600	305	NA	133	NA	NA	183	285	68.58935778	NA	NA	NA	NA	NA	NA	NA	114.3721994	NA	2	1	1	1	0	1	0	0	3	1
ZM009-07	C	26/03/2021	lateral	2885.833333	5659.166667	6817.5	6964.5	6334.833333	6807	5942.5	4865.333333	3366	12986.33333	2368.762159	2526.829588	7741.748478	10452.48047	10278.20401	12324.28927	13010.53236	10162.93136	6620.988748	5563.819432	6	6	6	6	6	6	6	6	6	6
ZM009-07	C	02/04/2021	lateral	4594.833333	14441.33333	22811.33333	25494.83333	22936.33333	21320	17299	16886.16667	12130.33333	15962.5	3647.880668	5524.881706	11487.29781	9784.342623	7533.74039	8062.221704	9161.744725	9699.981163	9074.215154	11227.33535	6	6	6	6	6	6	6	6	6	6
ZM009-07	C	09/04/2021	lateral	5395.666667	19566.83333	33478.5	39423.5	37706.33333	38098.83333	36580.33333	36990.16667	31804.5	43154.83333	2688.254651	4517.489188	12247.94051	14215.14621	12373.39411	12134.97389	14975.43753	16807.37417	11833.70564	13430.17685	6	6	6	6	6	6	6	6	6	6
ZM009-07	C	16/04/2021	lateral	3837.166667	13721	28728.83333	35685.33333	35485.5	36223.33333	34921.16667	34684.83333	29922.5	43398.83333	2299.095163	5007.537998	6995.907473	7652.28399	7205.962052	7346.073963	9254.601394	12429.38675	6065.633017	3669.214271	6	6	6	6	6	6	6	6	6	6
ZM009-07	C	26/04/2021	lateral	3617.333333	10612	24751.83333	33680.33333	34126.5	34783.83333	32889.33333	32404	28310.33333	42976.5	1959.640851	4993.171217	7845.725446	7224.947437	6122.81294	7062.16274	9372.488158	12176.0557	5939.486633	4042.172324	6	6	6	6	6	6	6	6	6	6
ZM009-07	D	19/03/2021	lateral	428.3333333	870.6666667	826.25	465	433	581	148	NA	208	NA	335.8948248	1087.431071	863.8639457	224.3345716	NA	NA	NA	NA	190.9188309	NA	3	3	4	4	1	1	1	0	2	0
ZM009-07	D	26/03/2021	lateral	7073.333333	14461.5	13845	10934.5	9997.5	12159	10865.16667	13713.4	13353	18213.16667	13630.97352	19588.92023	16241.00292	13532.15555	15886.10759	21546.73857	20084.28024	22655.32022	21747.74519	14396.81863	6	6	6	6	6	6	6	5	5	6
ZM009-07	D	02/04/2021	lateral	4053	15522.83333	19862.33333	22354.33333	21096.16667	22371.83333	18649.66667	16139	14010.83333	14231.33333	2325.762499	6634.039416	8696.704518	11635.27536	9759.845397	9173.577501	7713.276883	9264.332637	13789.90689	9283.888295	6	6	6	6	6	6	6	6	6	6
ZM009-07	D	09/04/2021	lateral	4891.333333	21365.66667	31365.33333	36645.66667	36980	43301.5	41706.16667	38762.33333	35468.66667	43861.16667	2340.030826	6946.246632	10687.87316	17974.32338	15700.64963	17423.6678	14701.44651	14719.8974	15293.66917	8577.754681	6	6	6	6	6	6	6	6	6	6
ZM009-07	D	16/04/2021	lateral	3659.333333	16812.16667	27412.66667	34162.83333	35708.83333	41828.66667	38910	36359.66667	32597	43144.33333	1487.78502	5453.968845	5028.833291	10291.47184	8230.414799	11452.94865	7912.393721	7663.529465	7153.531939	3800.912241	6	6	6	6	6	6	6	6	6	6
ZM009-07	D	26/04/2021	lateral	3446.833333	13450.33333	23836.83333	31924.16667	33759	39831.16667	37466.5	34257.66667	30838.33333	43040.33333	945.9565353	5240.948871	3555.811773	9683.63412	8501.498362	11579.01307	8880.987957	8216.343558	7820.156358	3481.563767	6	6	6	6	6	6	6	6	6	6
ZM009-08	A	19/03/2021	lateral	3061	1237	802	228	737	667	NA	NA	92	NA	1420.584035	883.5298524	NA	83.43860018	NA	NA	NA	NA	60.81118318	NA	3	3	1	2	1	1	0	0	2	0
ZM009-08	A	26/03/2021	lateral	14210	8722.333333	6572	5748.833333	5289.833333	5329.166667	4822.833333	4381.2	2479.666667	15543.83333	3970.838904	1867.580645	1821.93776	2824.067522	4093.368413	7335.250627	6662.04003	5354.297592	3686.236545	3852.959508	6	6	6	6	6	6	6	5	6	6
ZM009-08	A	02/04/2021	lateral	16448.83333	21361.66667	20660.83333	21336.83333	14267	12216.16667	9498.166667	7592.666667	6931	14212.66667	3225.266154	5733.82639	6523.615421	7588.217773	4898.094854	2814.308257	3109.8898	5174.834748	3010.998505	10021.56636	6	6	6	6	6	6	6	6	6	6
ZM009-08	A	09/04/2021	lateral	14294.83333	23726.33333	28648.16667	31207.66667	23868.33333	27852.66667	24758.33333	26743.33333	29608.33333	39633.5	1902.521213	4600.841908	7784.515872	9126.700163	9082.75409	15867.78055	14305.30219	17045.03411	12296.69783	16598.78622	6	6	6	6	6	6	6	6	6	6
ZM009-08	A	16/04/2021	lateral	11008.5	20183	26521.5	32192.16667	29964	35444	33545.33333	36274	39449	51318.33333	1729.033574	4070.267313	6049.555149	6134.765437	4270.35666	4442.512757	3382.525191	3402.223273	3821.585535	5222.965046	6	6	6	6	6	6	6	6	6	6
ZM009-08	A	26/04/2021	lateral	9566.5	15033.16667	21846.33333	26765.33333	25440.33333	29003.83333	29109.5	29896.16667	33852.16667	50510.16667	1849.511584	3773.864302	6154.688218	7179.557219	6592.402162	5433.791804	4700.443671	4474.253699	4560.01458	5171.222734	6	6	6	6	6	6	6	6	6	6
ZM009-08	B	19/03/2021	lateral	NA	2045	788	NA	NA	NA	NA	NA	221	NA	NA	NA	NA	NA	NA	NA	NA	NA	NA	NA	0	1	1	0	0	0	0	0	1	0
ZM009-08	B	26/03/2021	lateral	3053	12655.5	9353	5490.333333	4569.166667	4257.833333	3676.2	2834.666667	1503.5	10441.66667	1738.905173	5994.428805	3067.54423	943.9533181	1863.29358	6495.785293	7042.374294	5064.091179	2173.671617	2391.863263	6	6	6	6	6	6	5	6	6	6
ZM009-08	B	02/04/2021	lateral	5334.5	23930	27463.83333	28236.5	26965	23608.16667	21206.16667	17383.33333	12398.66667	18266.83333	2735.802094	9610.153297	6220.994886	5875.417185	5047.233341	5775.827263	7958.561664	7908.357267	6396.643578	7261.666074	6	6	6	6	6	6	6	6	6	6
ZM009-08	B	09/04/2021	lateral	5164.166667	23240.66667	34987.5	40957.16667	38550	35355.5	33995.5	31436	33056.66667	44728.66667	1364.094926	8675.160901	5877.730778	11427.3066	15022.33433	16745.67101	19930.96986	17205.34467	15566.42015	13520.36959	6	6	6	6	6	6	6	6	6	6
ZM009-08	B	16/04/2021	lateral	2954.666667	14125.16667	28054.5	38214.33333	42371.5	41050.33333	41348.16667	36996.16667	37442.33333	50895.33333	1006.895758	6886.233032	5325.644853	9056.21991	12293.60508	9841.139216	12735.40485	8713.674068	7883.670888	3988.013524	6	6	6	6	6	6	6	6	6	6
ZM009-08	B	26/04/2021	lateral	2708.5	9569.5	18041.66667	26781.33333	34242.16667	34470.83333	37682.33333	33198.83333	32725.5	50001.16667	633.6370412	4102.071903	4690.959632	6221.287862	10596.59569	10404.06667	12877.37459	8103.865162	9242.87035	6951.723482	6	6	6	6	6	6	6	6	6	6
ZM009-08	C	19/03/2021	lateral	260	NA	NA	203	459	248	336	NA	165	NA	NA	NA	NA	NA	NA	NA	NA	NA	NA	NA	1	0	0	1	1	1	1	0	1	0
ZM009-08	C	26/03/2021	lateral	2668.5	5095.833333	7552.666667	5944.5	2780.166667	3538.333333	6663	3952.333333	2213	12054.5	1699.928332	3114.367186	5835.218853	3443.154121	1354.256315	3227.535944	5177.45948	5092.695148	2085.547218	2757.204291	4	6	6	6	6	6	4	6	6	6
ZM009-08	C	02/04/2021	lateral	3086.833333	17724.5	29613	30324.33333	27380.33333	25505.83333	23698.66667	20860.66667	18860.5	24059.33333	1264.043894	7792.912004	12984.48634	9201.72657	11796.25994	10978.05486	10092.39483	6970.555894	6414.729979	7505.407295	6	6	6	6	6	6	6	6	6	6
ZM009-08	C	09/04/2021	lateral	4331.166667	22411.5	40802.5	42194.83333	39142.66667	40275.5	36575.83333	34893	37009.16667	48489.83333	538.2242717	8116.726649	12615.14153	8154.356294	14084.98897	16075.62431	16173.57752	15128.96919	13190.88448	13630.84422	6	6	6	6	6	6	6	6	6	6
ZM009-08	C	16/04/2021	lateral	2599.166667	11654.33333	29861.66667	40448.66667	43114.66667	47149.16667	41679	41596.16667	41757.16667	51662.16667	1308.592284	4363.180751	8101.041209	5628.761522	9281.616037	5790.399862	5736.126847	6286.316486	4373.055381	6957.317311	6	6	6	6	6	6	6	6	6	6
ZM009-08	C	26/04/2021	lateral	2856.5	8474.166667	18427	25887	29812.66667	38472.66667	38111.83333	38704	38718	49461.66667	1488.632225	3642.413673	6862.312263	8091.655529	6690.686831	3166.453326	5102.172769	4930.996654	3784.351728	6924.446452	6	6	6	6	6	6	6	6	6	6
ZM009-08	D	19/03/2021	lateral	NA	460.5	286	201	NA	NA	NA	NA	51	NA	NA	188.7975106	26.87005769	NA	NA	NA	NA	NA	NA	NA	0	2	2	1	0	0	0	0	1	0
ZM009-08	D	26/03/2021	lateral	2751.666667	12601.83333	10548.33333	6908.5	5156.5	5318	4656.166667	3305.5	1799.833333	11582.16667	1624.107714	3232.232258	3027.299038	3507.132661	2036.596843	3098.21426	3217.225974	2323.652276	999.0532352	3174.457523	6	6	6	6	6	6	6	6	6	6
ZM009-08	D	02/04/2021	lateral	5238.5	20131.83333	26961	25355.5	20672	19206.5	16534.16667	15852.5	10801.83333	14112.66667	2152.047281	5315.402653	8685.939166	7269.052806	6670.726917	8791.27915	7500.909689	6376.265639	4826.835792	9496.007091	6	6	6	6	6	6	6	6	6	6
ZM009-08	D	09/04/2021	lateral	6399.166667	22417	34785.33333	34646.16667	33971.5	32880.66667	33278.66667	32702.33333	31240.83333	40291.16667	960.9019548	5907.609432	9153.759767	9720.57063	11967.90491	15838.51354	17928.59073	15887.58089	13780.2125	18692.44622	6	6	6	6	6	6	6	6	6	6
ZM009-08	D	16/04/2021	lateral	4031.166667	16654	30208.66667	34931.83333	38759.16667	39358.83333	42370.33333	43221.83333	37153.5	49026.83333	1946.56286	4536.62941	7602.758517	11935.52595	11483.682	9910.55862	10586.99388	6033.019457	6136.505675	6290.994052	6	6	6	6	6	6	6	6	6	6
ZM009-08	D	26/04/2021	lateral	3862.5	12510.66667	22730.33333	25931.66667	30025	34147.66667	36447.33333	36947.16667	31689.66667	47647.16667	1571.277538	3296.133472	8388.507774	10122.79471	9841.486107	11543.48572	11311.97986	7724.738893	4976.660714	6594.447798	6	6	6	6	6	6	6	6	6	6
ZM009-09	A	26/03/2021	lateral	6533	4729.333333	2018.666667	1732.333333	2143	2509.4	3533.2	2748.5	3980.8	12453.16667	1744.742273	2708.025086	1051.945182	785.1528938	2594.681792	3285.661471	4372.761965	3468.287863	5163.033575	10845.4164	6	6	6	6	6	5	5	6	5	6
ZM009-09	A	02/04/2021	lateral	7744.833333	8216.5	5046.5	4066.166667	3853.166667	3461.166667	3119.333333	1346.666667	1437.166667	1812.666667	2477.348858	4955.049737	2103.293679	3061.072911	1663.56622	2093.301929	2692.602879	962.3611935	1070.60458	849.615364	6	6	6	6	6	6	6	6	6	6
ZM009-09	A	09/04/2021	lateral	9422	10585.33333	8123.833333	6359	6157	7792.166667	6892.166667	6821.5	7118.333333	8948.333333	2936.500639	7257.279729	5275.761155	5335.660072	4533.204121	5980.393747	4809.997315	6527.265913	6305.255353	6115.775263	6	6	6	6	6	6	6	6	6	6
ZM009-09	A	16/04/2021	lateral	6327.833333	9110.333333	8945	9790.166667	8742.5	10687	11215.16667	10546.33333	12170.16667	23820.83333	1766.151117	5103.049663	4797.985911	5055.431551	3951.128636	6589.163741	5248.844651	6584.703901	5977.873515	5807.149332	6	6	6	6	6	6	6	6	6	6
ZM009-09	A	26/04/2021	lateral	6086	8418.5	9984.333333	10341.5	9681.333333	11681.5	11443.5	11056.66667	13198.83333	26536.83333	1371.763974	3220.471192	3409.865667	4356.693919	2834.076193	3151.758477	2545.583293	3762.508029	3010.022486	4806.750396	6	6	6	6	6	6	6	6	6	6
ZM009-09	B	26/03/2021	lateral	1334.833333	4485	4550.833333	3167.166667	2166.833333	1227	947	1041	247.5	10093	913.9860867	2116.774244	2543.619501	2370.333429	1641.502899	793.3707834	1022.074753	1181.814424	237.0533695	3035.775222	6	6	6	6	6	6	6	4	6	6
ZM009-09	B	02/04/2021	lateral	1996.166667	7021	8674.666667	7015.166667	6589.333333	4765.333333	3075	2101.333333	1335.833333	1367	999.7284465	3987.626863	5412.086166	2228.703338	2648.689613	2139.088186	1254.628391	737.4872654	745.8086663	932.5150937	6	6	6	6	6	6	6	6	6	6
ZM009-09	B	09/04/2021	lateral	4275.333333	10016.66667	12358.66667	9797.5	8612	7994.5	6333.166667	5734.833333	5576	7458.333333	2897.402331	7787.13153	9641.553146	6259.690496	5585.867238	5317.493648	3970.439997	3282.979221	3793.441867	5359.955622	6	6	6	6	6	6	6	6	6	6
ZM009-09	B	16/04/2021	lateral	2490	6977.666667	11408	12657.33333	13682	15088.5	12886.33333	13409.33333	11429.33333	22717.66667	756.5024785	3436.302121	5733.10279	4928.51875	6717.660932	8551.532371	3880.153794	5441.910204	5156.924652	4235.984167	6	6	6	6	6	6	6	6	6	6
ZM009-09	B	26/04/2021	lateral	3171.333333	7097.5	11281	11004	12013.5	13401.83333	12261.83333	12801.83333	11626.66667	24532.5	854.0380944	1667.871068	3376.509203	2114.590078	3294.9188	5638.703057	2850.066765	3928.933159	2923.625535	3722.027552	6	6	6	6	6	6	6	6	6	6
ZM009-09	C	26/03/2021	lateral	998.75	2572.333333	2158.666667	1897.666667	1392	1111.166667	1134.2	764	405	10413.16667	391.5493796	1462.161779	790.2720207	1387.730473	946.3986475	532.8693711	1034.292125	805.4489431	256.0771368	2153.007145	4	6	6	6	6	6	5	3	5	6
ZM009-09	C	02/04/2021	lateral	1354.166667	5329.5	5582.833333	6615	6897.333333	6728	4183.166667	3003.833333	1813	2522.666667	708.6596974	3816.682578	1824.013971	3159.379433	3617.433381	4309.940696	3484.187218	1904.230807	1441.253899	1904.181889	6	6	6	6	6	6	6	6	6	6
ZM009-09	C	09/04/2021	lateral	3512.166667	9417.666667	10082	9229.333333	7153	9167.5	7630.833333	6570.666667	6072.666667	10819.16667	3451.238932	8734.222087	4801.84577	4403.522211	3893.388601	5084.496347	4027.539865	3361.866545	3797.038987	6474.365712	6	6	6	6	6	6	6	6	6	6
ZM009-09	C	16/04/2021	lateral	2402.833333	6333.333333	9957.166667	11833.33333	12747.5	13947.33333	11886.83333	12485.5	10410	24324.83333	990.8146985	2911.869274	4201.150957	3142.928931	4504.641551	3435.873843	3768.209464	3290.873668	2534.345833	5406.464479	6	6	6	6	6	6	6	6	6	6
ZM009-09	C	26/04/2021	lateral	2844.333333	5860.5	9649.166667	10857.66667	10180.16667	10978.83333	10435.16667	10322.66667	9835.666667	27007.16667	1709.286713	2072.542279	3037.233176	2519.436895	2349.624516	2367.325868	2341.954177	1813.924989	898.8580904	2210.68518	6	6	6	6	6	6	6	6	6	6
ZM009-09	D	26/03/2021	lateral	1422.2	5081	4842.666667	3710.5	2683.666667	1604.166667	1006.2	749.6	626.6666667	10117.33333	1129.81733	2511.399451	2727.677083	1695.57303	1140.049414	881.3461106	553.2112616	723.4817206	608.8575093	2110.461055	5	6	6	6	6	6	5	5	6	6
ZM009-09	D	02/04/2021	lateral	1995.166667	6847.666667	10111	8520.333333	6511.333333	5226	3317.5	2331.166667	1321.166667	1778.833333	2009.236613	3746.754738	4900.898816	3527.788127	3392.422006	3464.871484	2298.361482	1527.268466	800.5996294	1277.928076	6	6	6	6	6	6	6	6	6	6
ZM009-09	D	09/04/2021	lateral	4038.333333	9062.166667	12253.83333	10654.16667	10083	9165.333333	7172.666667	6416.5	5952.666667	8022.166667	4039.245408	6115.282476	7488.166222	6445.726845	6177.435066	6173.869214	4037.194306	5067.606841	4803.656885	7052.212005	6	6	6	6	6	6	6	6	6	6
ZM009-09	D	16/04/2021	lateral	2332.5	6077.333333	11928.66667	11505.66667	11886.33333	13127.66667	10966.33333	11127.5	10480.33333	21182.83333	1433.227791	2703.113735	5004.822141	3578.906071	3979.840885	3775.582957	3740.043565	5151.203772	3622.283074	4837.309228	6	6	6	6	6	6	6	6	6	6
ZM009-09	D	26/04/2021	lateral	2591.666667	5566.333333	10242.16667	10070.33333	10718.16667	11312.16667	9726.333333	10964.16667	10593	25086.33333	919.1915288	1949.806725	4570.093453	2943.808735	3131.268013	3415.379066	3009.438198	3336.158175	2852.880509	4947.195596	6	6	6	6	6	6	6	6	6	6
