Unit ID	Timestamp	Root_length_density_S1	Root_length_density_S2	Root_length_density_S3	Root_length_density_S4	Root_length_density_S5	Root_length_density_S6	Root_length_density_S7	Root_length_density_S8	Root_length_density_S9	Root_length_density_S10	Root_length_density_S11	Root_length_density_S12	Root_length_density_S13	Root_length_density_S14	Root_length_density_S15	Root_length_density_S16	Root_length_density_S17	Root_length_density_S18	Root_length_density_S19	Root_length_density_S20	
101	2019_11_11	0.404	0.312	0.167	0.085	0.086	0.097	0.065	0.044	0.047	0.035	0.025	0.013	0.013	0.009	0.000	0.000	0.000	0.000	0.000	0.000	
102	2019_11_11	0.287	0.349	0.202	0.095	0.063	0.092	0.071	0.076	0.055	0.037	0.026	0.008	0.000	0.000	0.000	0.000	0.000	0.000	0.000	0.000	
103	2019_11_11	0.224	0.367	0.282	0.215	0.139	0.082	0.048	0.055	0.043	0.034	0.009	0.016	0.001	0.000	0.000	0.000	0.000	0.000	0.000	0.000	
104	2019_11_11	0.115	0.093	0.029	0.041	0.032	0.034	0.032	0.037	0.015	0.016	0.014	0.001	0.000	0.000	0.000	0.000	0.000	0.000	0.000	0.000	
105	2019_11_11	0.228	0.265	0.150	0.169	0.182	0.130	0.110	0.061	0.075	0.062	0.064	0.049	0.028	0.014	0.005	0.000	0.000	0.000	0.000	0.000	
106	2019_11_11	0.129	0.076	0.044	0.036	0.034	0.030	0.015	0.014	0.011	0.003	0.008	0.022	0.015	0.017	0.014	0.003	0.000	0.000	0.000	0.000	
107	2019_11_11	0.333	0.365	0.344	0.255	0.077	0.137	0.155	0.178	0.152	0.083	0.064	0.061	0.036	0.024	0.014	0.003	0.007	0.016	0.009	0.000	
108	2019_11_11	0.241	0.160	0.146	0.092	0.042	0.048	0.032	0.042	0.027	0.016	0.016	0.017	0.010	0.000	0.000	0.000	0.000	0.000	0.000	0.000	
109	2019_11_11	0.268	0.239	0.236	0.120	0.090	0.053	0.036	0.032	0.021	0.023	0.045	0.033	0.038	0.011	0.013	0.012	0.015	0.006	0.016	0.011	
110	2019_11_11	0.260	0.194	0.077	0.047	0.023	0.091	0.120	0.170	0.112	0.053	0.056	0.037	0.029	0.012	0.014	0.014	0.011	0.015	0.010	0.000	
111	2019_11_11	0.298	0.258	0.154	0.126	0.160	0.126	0.082	0.083	0.050	0.048	0.053	0.025	0.015	0.015	0.016	0.014	0.000	0.000	0.000	0.000	
112	2019_11_11	0.216	0.201	0.099	0.029	0.014	0.051	0.071	0.043	0.029	0.020	0.019	0.017	0.017	0.002	0.000	0.000	0.000	0.000	0.000	0.000	
113	2019_11_11	0.251	0.224	0.190	0.187	0.136	0.096	0.153	0.060	0.075	0.056	0.049	0.033	0.042	0.028	0.011	0.017	0.018	0.016	0.005	0.000	
114	2019_11_11	0.268	0.232	0.138	0.111	0.150	0.082	0.071	0.074	0.073	0.102	0.065	0.028	0.017	0.017	0.017	0.001	0.000	0.000	0.000	0.000	
115	2019_11_11	0.185	0.197	0.163	0.207	0.179	0.151	0.123	0.089	0.077	0.024	0.034	0.039	0.003	0.000	0.000	0.000	0.000	0.000	0.000	0.000	
116	2019_11_11	0.237	0.244	0.157	0.104	0.092	0.062	0.052	0.050	0.044	0.036	0.015	0.015	0.015	0.013	0.000	0.000	0.000	0.000	0.000	0.000	
117	2019_11_11	0.331	0.203	0.166	0.130	0.189	0.071	0.040	0.045	0.030	0.002	0.000	0.000	0.000	0.000	0.000	0.000	0.000	0.000	0.000	0.000	
118	2019_11_11	0.335	0.199	0.106	0.111	0.161	0.094	0.061	0.056	0.063	0.060	0.031	0.020	0.015	0.014	0.017	0.016	0.000	0.000	0.000	0.000	
201	2019_11_11	0.169	0.195	0.146	0.143	0.109	0.073	0.078	0.029	0.011	0.007	0.000	0.000	0.000	0.000	0.000	0.000	0.000	0.000	0.000	0.000	
202	2019_11_11	0.339	0.144	0.077	0.092	0.193	0.143	0.130	0.117	0.107	0.096	0.056	0.017	0.018	0.017	0.015	0.016	0.004	0.000	0.000	0.000	
203	2019_11_11	0.216	0.128	0.081	0.047	0.022	0.026	0.012	0.000	0.000	0.012	0.017	0.002	0.000	0.000	0.000	0.000	0.000	0.000	0.000	0.000	
204	2019_11_11	0.302	0.342	0.243	0.179	0.153	0.101	0.065	0.059	0.050	0.030	0.016	0.015	0.000	0.000	0.000	0.000	0.000	0.000	0.000	0.000	
205	2019_11_11	0.349	0.304	0.283	0.201	0.111	0.160	0.139	0.123	0.105	0.105	0.092	0.089	0.044	0.037	0.025	0.017	0.017	0.001	0.000	0.000	
206	2019_11_11	0.294	0.354	0.263	0.233	0.270	0.208	0.150	0.095	0.064	0.059	0.064	0.049	0.039	0.032	0.011	0.004	0.012	0.014	0.014	0.000	
207	2019_11_11	0.150	0.238	0.235	0.126	0.099	0.096	0.090	0.073	0.054	0.040	0.036	0.029	0.016	0.016	0.018	0.009	0.000	0.000	0.000	0.000	
208	2019_11_11	0.115	0.137	0.088	0.044	0.056	0.036	0.032	0.021	0.002	0.000	0.007	0.017	0.016	0.003	0.000	0.000	0.000	0.000	0.000	0.000	
209	2019_11_11	0.237	0.186	0.118	0.115	0.053	0.020	0.031	0.115	0.034	0.016	0.015	0.014	0.015	0.000	0.000	0.000	0.000	0.000	0.000	0.000	
210	2019_11_11	0.163	0.144	0.100	0.077	0.083	0.053	0.047	0.042	0.052	0.035	0.018	0.012	0.000	0.002	0.000	0.000	0.000	0.000	0.000	0.000	
211	2019_11_11	0.283	0.221	0.224	0.225	0.127	0.078	0.094	0.095	0.080	0.046	0.052	0.047	0.019	0.014	0.010	0.016	0.013	0.012	0.002	0.000	
212	2019_11_11	0.279	0.200	0.186	0.206	0.216	0.175	0.161	0.176	0.115	0.072	0.049	0.045	0.039	0.021	0.015	0.010	0.000	0.000	0.000	0.000	
213	2019_11_11	0.317	0.222	0.149	0.111	0.116	0.088	0.121	0.075	0.038	0.032	0.034	0.018	0.017	0.013	0.001	0.000	0.000	0.000	0.000	0.000	
214	2019_11_11	0.127	0.147	0.161	0.122	0.083	0.039	0.030	0.063	0.085	0.061	0.030	0.017	0.018	0.008	0.013	0.005	0.000	0.000	0.000	0.000	
215	2019_11_11	0.121	0.271	0.324	0.195	0.186	0.200	0.130	0.113	0.055	0.059	0.045	0.019	0.005	0.000	0.000	0.000	0.000	0.000	0.000	0.000	
216	2019_11_11	0.246	0.129	0.094	0.102	0.044	0.029	0.036	0.042	0.043	0.014	0.013	0.000	0.000	0.000	0.000	0.000	0.000	0.000	0.000	0.000	
217	2019_11_11	0.225	0.095	0.069	0.071	0.101	0.103	0.066	0.047	0.066	0.055	0.051	0.031	0.023	0.015	0.016	0.016	0.001	0.000	0.000	0.000	
218	2019_11_11	0.134	0.248	0.195	0.166	0.198	0.242	0.218	0.136	0.100	0.102	0.056	0.029	0.028	0.011	0.031	0.014	0.015	0.016	0.018	0.020	
301	2019_11_11	0.216	0.209	0.122	0.119	0.097	0.070	0.046	0.020	0.015	0.009	0.000	0.000	0.000	0.000	0.000	0.000	0.000	0.000	0.000	0.000	
302	2019_11_11	0.172	0.068	0.077	0.061	0.076	0.095	0.043	0.030	0.023	0.022	0.004	0.000	0.017	0.017	0.003	0.000	0.000	0.000	0.000	0.000	
303	2019_11_11	0.138	0.138	0.102	0.068	0.078	0.061	0.042	0.037	0.023	0.011	0.016	0.015	0.003	0.000	0.000	0.000	0.000	0.000	0.000	0.000	
304	2019_11_11	0.186	0.141	0.091	0.083	0.030	0.082	0.084	0.069	0.039	0.023	0.003	0.012	0.016	0.016	0.013	0.000	0.000	0.000	0.000	0.000	
305	2019_11_11	0.216	0.247	0.177	0.119	0.067	0.033	0.029	0.031	0.027	0.006	0.001	0.000	0.000	0.013	0.000	0.000	0.000	0.000	0.000	0.000	
306	2019_11_11	0.273	0.285	0.186	0.157	0.127	0.088	0.087	0.095	0.115	0.123	0.093	0.083	0.062	0.056	0.055	0.049	0.019	0.009	0.015	0.015	
307	2019_11_11	0.242	0.304	0.186	0.107	0.076	0.085	0.069	0.050	0.067	0.074	0.049	0.019	0.015	0.014	0.014	0.012	0.003	0.000	0.000	0.000	
308	2019_11_11	0.125	0.049	0.074	0.102	0.106	0.066	0.069	0.095	0.073	0.071	0.042	0.007	0.015	0.016	0.016	0.016	0.017	0.011	0.000	0.000	
309	2019_11_11	0.297	0.262	0.140	0.160	0.125	0.124	0.135	0.099	0.075	0.061	0.056	0.076	0.053	0.032	0.016	0.016	0.012	0.002	0.000	0.000	
310	2019_11_11	0.205	0.421	0.346	0.213	0.222	0.137	0.074	0.065	0.068	0.059	0.073	0.034	0.020	0.021	0.023	0.019	0.016	0.014	0.015	0.018	
311	2019_11_11	0.382	0.315	0.264	0.199	0.121	0.082	0.080	0.058	0.077	0.057	0.049	0.047	0.057	0.024	0.023	0.001	0.017	0.016	0.015	0.014	
312	2019_11_11	0.210	0.222	0.224	0.152	0.169	0.133	0.044	0.025	0.014	0.017	0.020	0.003	0.000	0.000	0.000	0.000	0.000	0.000	0.000	0.000	
313	2019_11_11	0.359	0.381	0.207	0.147	0.118	0.092	0.063	0.053	0.051	0.025	0.016	0.010	0.000	0.000	0.000	0.000	0.000	0.000	0.000	0.000	
314	2019_11_11	0.189	0.146	0.078	0.080	0.092	0.067	0.052	0.044	0.012	0.000	0.000	0.000	0.000	0.000	0.000	0.000	0.000	0.000	0.000	0.000	
315	2019_11_11	0.169	0.147	0.087	0.067	0.064	0.080	0.092	0.064	0.097	0.028	0.020	0.010	0.008	0.015	0.017	0.014	0.011	0.000	0.000	0.000	
316	2019_11_11	0.237	0.255	0.180	0.194	0.127	0.113	0.105	0.128	0.050	0.052	0.037	0.037	0.039	0.023	0.016	0.016	0.015	0.016	0.016	0.018	
317	2019_11_11	0.244	0.134	0.135	0.132	0.172	0.057	0.035	0.031	0.014	0.002	0.000	0.000	0.000	0.000	0.000	0.000	0.000	0.000	0.000	0.000	
318	2019_11_11	0.247	0.181	0.149	0.123	0.131	0.154	0.156	0.125	0.087	0.084	0.068	0.047	0.007	0.017	0.016	0.000	0.000	0.000	0.000	0.000	
401	2019_11_11	0.290	0.274	0.187	0.105	0.092	0.118	0.060	0.059	0.055	0.055	0.074	0.080	0.038	0.030	0.014	0.016	0.015	0.010	0.000	0.000	
402	2019_11_11	0.151	0.237	0.106	0.087	0.082	0.098	0.092	0.113	0.121	0.074	0.029	0.016	0.015	0.015	0.006	0.000	0.000	0.000	0.000	0.000	
403	2019_11_11	0.253	0.246	0.206	0.189	0.158	0.149	0.038	0.049	0.049	0.035	0.000	0.000	0.000	0.000	0.008	0.000	0.000	0.000	0.000	0.000	
404	2019_11_11	0.314	0.271	0.232	0.152	0.224	0.169	0.158	0.117	0.082	0.054	0.046	0.040	0.030	0.022	0.000	0.000	0.000	0.000	0.000	0.000	
405	2019_11_11	0.185	0.142	0.089	0.097	0.082	0.056	0.061	0.064	0.094	0.087	0.082	0.058	0.036	0.017	0.016	0.015	0.013	0.000	0.000	0.000	
406	2019_11_11	0.291	0.354	0.305	0.228	0.151	0.058	0.067	0.026	0.021	0.021	0.012	0.016	0.027	0.047	0.010	0.016	0.017	0.016	0.017	0.015	
407	2019_11_11	0.313	0.272	0.184	0.108	0.089	0.037	0.027	0.018	0.009	0.017	0.016	0.003	0.000	0.000	0.000	0.000	0.000	0.000	0.000	0.000	
408	2019_11_11	0.301	0.406	0.406	0.281	0.243	0.206	0.204	0.107	0.082	0.075	0.073	0.052	0.064	0.039	0.026	0.012	0.012	0.015	0.013	0.019	
409	2019_11_11	0.166	0.112	0.087	0.053	0.060	0.072	0.062	0.079	0.059	0.028	0.009	0.000	0.000	0.000	0.000	0.000	0.000	0.000	0.000	0.000	
410	2019_11_11	0.287	0.157	0.085	0.065	0.083	0.085	0.051	0.042	0.033	0.021	0.017	0.017	0.012	0.000	0.000	0.000	0.000	0.000	0.000	0.000	
411	2019_11_11	0.295	0.229	0.272	0.165	0.098	0.069	0.074	0.045	0.041	0.060	0.057	0.053	0.031	0.030	0.028	0.017	0.015	0.016	0.018	0.018	
412	2019_11_11	0.194	0.318	0.167	0.100	0.109	0.106	0.109	0.063	0.019	0.074	0.055	0.050	0.033	0.047	0.042	0.027	0.016	0.017	0.018	0.016	
413	2019_11_11	0.237	0.272	0.224	0.158	0.153	0.180	0.111	0.100	0.076	0.067	0.034	0.023	0.020	0.003	0.000	0.000	0.000	0.000	0.000	0.000	
414	2019_11_11	0.275	0.194	0.129	0.073	0.039	0.037	0.037	0.011	0.005	0.000	0.000	0.000	0.000	0.000	0.000	0.000	0.000	0.000	0.000	0.000	
415	2019_11_11	0.192	0.229	0.155	0.118	0.121	0.068	0.054	0.079	0.074	0.074	0.051	0.014	0.013	0.014	0.014	0.017	0.000	0.000	0.000	0.000	
416	2019_11_11	0.308	0.250	0.118	0.146	0.139	0.103	0.091	0.073	0.057	0.028	0.009	0.000	0.000	0.000	0.000	0.000	0.000	0.000	0.000	0.000	
417	2019_11_11	0.215	0.275	0.178	0.122	0.106	0.081	0.081	0.067	0.051	0.020	0.016	0.016	0.010	0.000	0.000	0.000	0.000	0.000	0.000	0.000	
418	2019_11_11	0.283	0.281	0.147	0.090	0.123	0.074	0.083	0.058	0.059	0.039	0.034	0.024	0.016	0.016	0.015	0.015	0.000	0.000	0.000	0.000	
